t (s),x_rec_baseline (m),y_rec_baseline (m),clock_bias_baseline (m),x_rec (m),y_rec (m),clock_bias (m)
0,6346756.42236909,555269.227597515,1000,8259918.86988278,695240.601575306,0.000567216069394791
0.1,6346755.18263318,555268.820125728,1000.16120094337,6345833.91162686,562067.417939033,-4292.95935247502
0.2,6346756.56543485,555268.872444469,1000.07078629282,6346690.59931749,555315.466426606,943.415526047032
0.3,6346754.90500611,555268.184363948,1000.07835848065,6346725.98124008,555272.547483648,975.179235105695
0.4,6346755.00222714,555267.291993968,1000.05548031819,6346738.93314681,555268.024370706,986.25715600588
0.5,6346755.58712477,555266.63143578,1000.10895580303,6346745.81661182,555266.930161436,991.726617837441
0.6,6346756.333015,555264.879667841,1000.0124412273,6346750.04308419,555265.165480103,994.614984374474
0.7,6346755.78644398,555264.841176094,1000.0319359058,6346752.28942199,555264.937217341,997.029626111257
0.8,6346755.41617346,555263.717098613,1000.20559954196,6346753.47845926,555263.853605054,998.542676704436
0.9,6346753.91338471,555264.287857196,1000.11260542617,6346753.59439571,555264.25822657,999.838679174264
1,6346753.14870872,555264.538711445,1000.09378899423,6346753.39600888,555264.51021495,1000.30832152466
1.1,6346754.47126798,555266.473393494,1000.2190331399,6346753.88702109,555266.324519065,999.723616130463
1.2,6346753.77430361,555267.010497607,1000.28851472927,6346753.81882763,555266.952929514,1000.32689555212
1.3,6346751.80544703,555267.364675296,1000.24298857189,6346752.95240483,555267.305155209,1001.22615586422
1.4,6346751.53137914,555267.3702913,1000.0657022813,6346752.39336121,555267.350599282,1000.80818426807
1.5,6346751.57457241,555265.403606857,1000.01762858701,6346752.04927687,555265.554233908,1000.42394032139
1.6,6346751.31672168,555265.011870218,1000.28721640201,6346751.72786497,555265.047102565,1000.63507508003
1.7,6346750.17903099,555263.791597,1000.29833163791,6346751.05171139,555263.879295165,1001.04328068194
1.8,6346748.78089482,555263.314134173,1000.36264411856,6346750.09479658,555263.340189574,1001.48759545664
1.9,6346747.52199763,555263.57361166,1000.20017396326,6346749.04010664,555263.530733842,1001.50292812921
2,6346747.37272079,555262.239807507,1000.05582215853,6346748.37535111,555262.327840433,1000.91535762659
2.1,6346747.05068406,555261.859186754,1000.11517894469,6346747.83920607,555261.881287869,1000.79061088343
2.2,6346745.8379298,555261.758488112,1000.1620490175,6346746.99984922,555261.747379254,1001.15681596137
2.3,6346745.65005831,555261.735437597,1000.13177078293,6346746.46749704,555261.722307963,1000.83285488654
2.4,6346744.02198474,555261.484780474,1000.19765098431,6346745.43222915,555261.477967622,1001.40220707471
2.5,6346742.82015733,555261.085326923,1000.12494523648,6346744.35514182,555261.088905148,1001.43966178367
2.6,6346742.39061775,555258.875661449,1000.00237659456,6346743.54580179,555259.036751881,1000.98638266668
2.7,6346743.02078401,555259.013457513,1000.06977667305,6346743.34919215,555259.008010129,1000.35261048455
2.8,6346741.82628293,555260.082637023,999.94862620784,6346742.71401262,555259.975981898,1000.70790211613
2.9,6346742.50674022,555261.488962239,999.916852246258,6346742.68089718,555261.361509431,1000.06905204387
3,6346742.13626001,555261.515625338,999.976141004432,6346742.44274062,555261.498100833,1000.24072463743
3.1,6346742.04691208,555263.557770171,999.996195135068,6346742.29739677,555263.3882003,1000.21523494885
3.2,6346743.21170818,555262.642392598,999.939511347663,6346742.6995699,555262.715185841,999.502464460709
3.3,6346742.55801156,555261.996820239,999.986641554072,6346742.6033856,555262.055507376,1000.02332696095
3.4,6346742.87960853,555261.590648618,999.845484583788,6346742.71986267,555261.628460108,999.706555576277
3.5,6346741.51550019,555262.601103601,999.904322408119,6346742.20402121,555262.50992016,1000.49201787153
3.6,6346741.6380836,555261.138807993,1000.03929613489,6346741.96554647,555261.246241024,1000.31990156385
3.7,6346742.78134914,555262.001734355,999.998329631042,6346742.34480206,555261.949646194,999.627086410372
3.8,6346744.26932609,555263.285167142,1000.17494442726,6346743.16793797,555263.19828648,999.237533369236
3.9,6346744.655713,555263.380800753,1000.11525653247,6346743.77393126,555263.37910365,999.360789117833
4,6346744.50651861,555263.224479852,1000.06390783804,6346744.05161433,555263.244679255,999.672492416126
4.1,6346744.5501491,555262.111329428,1000.02283106055,6346744.24211015,555262.21220052,999.753666450239
4.2,6346743.74256519,555263.428880445,1000.15224270544,6346744.01727519,555263.324899115,1000.3877878469
4.3,6346742.94706356,555263.762218947,1000.18124941574,6346743.56728082,555263.716208881,1000.71320468588
4.4,6346741.83142132,555264.227944065,1000.10415223934,6346742.84769778,555264.170456456,1000.97502686104
4.5,6346741.08924315,555264.419758314,1000.14431005654,6346742.1217015,555264.379303883,1001.02868811432
4.6,6346739.78670401,555265.300132664,1000.08890316624,6346741.16172962,555265.20094699,1001.26764559515
4.7,6346741.50609371,555265.287411349,1000.18015197018,6346741.36766923,555265.283908842,1000.06491398454
4.8,6346741.78212024,555265.619414402,999.918869175532,6346741.55751049,555265.595526626,999.727304463863
4.9,6346742.46419241,555264.907805979,999.936578473252,6346741.93457976,555264.974194888,999.480415973019
5,6346741.64187672,555264.390702099,999.969465195533,6346741.77418276,555264.43383956,1000.08268980047
5.1,6346740.58518469,555264.915961017,999.836243154004,6346741.27617987,555264.865868861,1000.42741843038
5.2,6346740.71037224,555264.638399284,999.920659009469,6346741.05656717,555264.650052029,1000.21600044887
5.3,6346740.35558331,555264.766054463,999.956355878028,6346740.76724341,555264.750596829,1000.30934668236
5.4,6346740.97120217,555264.587728015,999.896095851778,6346740.87417193,555264.599750549,999.813429467294
5.5,6346740.63121378,555263.491506705,999.889099223675,6346740.75888487,555263.580612698,999.997452271283
5.6,6346741.57854599,555262.965938538,999.754329691254,6346741.11890372,555263.024647635,999.36117935181
5.7,6346742.54597749,555262.527500402,999.94335335682,6346741.70352346,555262.585157777,999.220665930321
5.8,6346741.97900206,555263.923361408,999.945321739705,6346741.79677855,555263.816801665,999.79247108697
5.9,6346740.93730553,555263.343502608,999.954783248183,6346741.40070077,555263.37385023,1000.35176166378
5.99999999999999,6346739.50755971,555263.242886416,1000.00216140353,6346740.58964443,555263.230537425,1000.9310350833
6.09999999999999,6346739.41396787,555263.441297955,999.931578872946,6346740.12956731,555263.412073901,1000.54694386653
6.19999999999999,6346740.11228694,555262.708413422,1000.01076134296,6346740.14984498,555262.764358151,1000.04107739095
6.29999999999999,6346739.5386002,555265.448702812,999.944786114145,6346739.92192808,555265.222281257,1000.27429785951
6.39999999999999,6346740.39986591,555265.193533554,1000.00806196853,6346740.14343675,555265.201050348,999.789260693417
6.49999999999999,6346740.34369788,555266.000422348,999.986143660209,6346740.22925523,555265.937444323,999.888216598627
6.59999999999999,6346741.18599007,555264.439117306,999.919065764979,6346740.63028224,555264.570577246,999.443165781495
6.69999999999999,6346743.60677619,555263.983426532,999.86951475735,6346741.89517409,555264.063248195,998.404854163398
6.79999999999999,6346743.27377152,555262.226431731,999.97800781594,6346742.39601061,555262.394255291,999.221717234405
6.89999999999999,6346743.81545655,555263.005243256,1000.00407351319,6346742.97964242,555262.974381865,999.29111397366
6.99999999999999,6346743.30299211,555261.574908158,999.97987899649,6346743.07786956,555261.692165032,999.784919277256
7.09999999999999,6346745.08242132,555261.850355051,999.90588601992,6346743.94083581,555261.861119809,998.929996104452
7.19999999999999,6346745.31636645,555261.219443903,999.79991057577,6346744.48028388,555261.286006298,999.082309011727
7.29999999999999,6346745.52440166,555259.657363381,999.741848349471,6346744.88763371,555259.79877343,999.191836601289
7.39999999999999,6346746.13702927,555259.841070847,999.767470931967,6346745.39920274,555259.851466653,999.136700563832
7.49999999999999,6346746.12575773,555260.676027071,999.83343048996,6346745.69055391,555260.61654814,999.460553808195
7.59999999999999,6346746.43467739,555260.879582853,999.874280675896,6346745.99550298,555260.869184026,999.500427513722
7.69999999999999,6346746.27084885,555261.903901271,999.901014947563,6346746.10214131,555261.822542436,999.760371764098
7.79999999999999,6346746.87165317,555263.93056686,999.806550150667,6346746.45754453,555263.768058532,999.455697053679
7.89999999999999,6346747.02674608,555265.743937384,999.655257183893,6346746.71309831,555265.589927224,999.389791203086
7.99999999999999,6346746.17461592,555266.727637545,999.697234872373,6346746.4757017,555266.630394867,999.954876492655
8.09999999999999,6346747.1356746,555267.486898248,999.68283691694,6346746.78562116,555267.42078632,999.385595034579
8.19999999999999,6346745.78237639,555268.253827231,999.753896820808,6346746.33774643,555268.175534196,1000.23005470713
8.29999999999999,6346747.36427247,555266.996457319,999.821187454667,6346746.79264992,555267.105531043,999.331602607788
8.39999999999999,6346748.4134301,555268.340212071,999.834101906834,6346747.48323761,555268.258002032,999.038484270532
8.49999999999999,6346747.52260996,555268.1367489,999.850046699027,6346747.46332204,555268.14568331,999.797980809069
8.59999999999999,6346748.98146376,555268.323130664,999.700105617798,6346748.12343994,555268.328764459,998.965299489445
8.69999999999999,6346748.91171286,555269.030747086,999.592793348885,6346748.44800237,555268.985851562,999.19625364979
8.79999999999998,6346748.14293026,555269.820619127,999.774226136844,6346748.30115134,555269.750798952,999.909071387321
8.89999999999998,6346747.32779707,555270.618972664,999.951282625246,6346747.88922717,555270.539635417,1000.43282962566
8.99999999999998,6346745.61710901,555270.158849785,1000.00244373393,6346746.92085012,555270.163073202,1001.11727639383
9.09999999999998,6346745.54210894,555270.014291798,999.906723998051,6346746.38455948,555270.010188663,1000.62751683033
9.19999999999998,6346743.73546346,555269.603847599,999.806707253792,6346745.27303483,555269.610110057,1001.11997720095
9.29999999999998,6346745.16515527,555268.832867714,999.716606790576,6346745.28660303,555268.892565555,999.823388432586
9.39999999999998,6346745.60900113,555270.837748534,999.668744400254,6346745.46277045,555270.683472016,999.546960018503
9.49999999999998,6346746.19244426,555272.119767614,999.630520478209,6346745.78836727,555272.009195685,999.28784783726
9.59999999999998,6346747.68796088,555272.324207123,999.693770149407,6346746.60224501,555272.319459258,998.763116583472
9.69999999999998,6346747.96373757,555273.228632957,999.690152903389,6346747.15273776,555273.171077523,998.997110893837
9.79999999999998,6346747.43147741,555272.726405701,999.774492132934,6346747.23864366,555272.765645327,999.603077699559
9.89999999999998,6346748.56256882,555273.520330162,999.695688792658,6346747.81763681,555273.474032952,999.058620059137
9.99999999999998,6346748.59059443,555275.462590278,999.54598435669,6346748.14639109,555275.308744721,999.167904644199
10.1,6346747.69092259,555276.015594067,999.563035369166,6346747.94227832,555275.954589356,999.779811999799
10.2,6346746.62562544,555276.301286807,999.669976296012,6346747.38304157,555276.258749193,1000.3176629075
10.3,6346747.0711927,555277.432466868,999.668963475095,6346747.29548847,555277.330696182,999.861949857428
10.4,6346746.82074105,555277.679510759,999.502698101746,6346747.11315829,555277.648166953,999.754044655866
10.5,6346747.40482173,555278.613970857,999.444278658467,6346747.26631524,555278.536932364,999.328666109591
10.6,6346746.04027916,555278.5318802,999.318898620658,6346746.73265371,555278.518648833,999.910746629101
10.7,6346746.81841342,555278.222942492,999.297780333478,6346746.79742257,555278.247115782,999.283399709399
10.8,6346748.25196838,555279.085383896,999.544875123985,6346747.43895394,555279.034894353,998.848834169742
10.9,6346748.73272313,555276.755197104,999.495956799618,6346747.95134282,555276.955546609,998.820419510397
11,6346749.2297118,555276.538421892,999.630843364071,6346748.46230659,555276.585741522,998.970427556023
11.1,6346748.91958488,555276.993662792,999.593813430496,6346748.64109319,555276.964165997,999.355781542929
11.2,6346747.3739775,555275.871523624,999.625248266335,6346748.07416594,555275.946905023,1000.22230587866
11.3,6346746.33272666,555275.290790752,999.703049041127,6346747.33709029,555275.32693178,1000.56006398361
11.4,6346747.5630602,555275.037783921,999.65493304459,6346747.47669477,555275.06322084,999.582742006373
11.5,6346746.1315483,555272.958837904,999.57594472692,6346746.87086482,555273.118610802,1000.20316681453
11.6,6346749.42029848,555274.236194994,999.499208319608,6346748.0311623,555274.169413465,998.316819591098
11.7,6346749.2274292,555273.985699961,999.610444246267,6346748.48612012,555274.012852772,998.970675818184
11.8,6346748.1312107,555275.101608935,999.775065236086,6346748.3012819,555275.010467675,999.919422690053
11.9,6346750.73223635,555276.621617736,999.789092287178,6346749.37420739,555276.514618482,998.631454059702
12,6346750.61311006,555276.815706732,999.65319451329,6346749.8614104,555276.805752574,999.005887165609
12.1,6346750.79904188,555278.466297655,999.714326662297,6346750.24758353,555278.339876222,999.243643687463
12.2,6346751.29931451,555279.852782475,999.564329735026,6346750.71000921,555279.73939029,999.060449560828
12.3,6346751.3269975,555280.404163957,999.435912618686,6346750.96515296,555280.353885854,999.124924884154
12.4,6346751.94974477,555281.374239488,999.553336667894,6346751.37937432,555281.300182217,999.066309250238
12.5,6346751.58030731,555284.363313423,999.500655894205,6346751.48360393,555284.117339963,999.422658922056
12.6,6346752.40985882,555283.581187578,999.523675011427,6346751.87717205,555283.634917852,999.065441966352
12.7,6346752.35851352,555282.169709516,999.579515613361,6346752.0457056,555282.297344233,999.308548521341
12.8,6346750.88146101,555282.229921891,999.698282150238,6346751.51916977,555282.22479986,1000.24200660441
12.9,6346750.09789548,555284.163812943,999.781008459043,6346750.95210724,555283.987322779,1000.51270801122
13,6346750.00556334,555285.485553497,999.72316226587,6346750.60144184,555285.351972592,1000.23691810689
13.1,6346749.14689547,555285.717256353,999.598306271364,6346750.00566378,555285.674424337,1000.33338836475
13.2,6346751.33921801,555287.253356809,999.596536957715,6346750.63882503,555287.13740633,999.002483004748
13.3,6346750.56268406,555286.949990013,999.65341285772,6346750.57413272,555286.966275311,999.662203787103
13.4,6346751.15645941,555286.505344356,999.69273361129,6346750.81643001,555286.549361803,999.402996876805
13.5,6346751.80183506,555286.524811544,999.641884478508,6346751.22780033,555286.535560731,999.148461574915
13.6,6346749.77287456,555285.907924907,999.56061982295,6346750.56095394,555285.942787266,1000.23446432264
13.7,6346748.82975969,555285.402176156,999.624416847081,6346749.83632521,555285.428703065,1000.48290042891
13.8,6346747.04181319,555285.890517322,999.64227866288,6346748.67032149,555285.824227056,1001.03810530995
13.9,6346747.24452796,555285.388156964,999.642999513823,6346748.11557116,555285.405755882,1000.3881440761
14,6346748.54282655,555285.132526332,999.486731166697,6346748.34324343,555285.160166165,999.317154115257
14.1,6346749.17968246,555286.568183306,999.55471787349,6346748.71430941,555286.460521088,999.160163295844
14.2,6346748.13245356,555286.997240759,999.49077166389,6346748.45608757,555286.950992834,999.76642814798
14.3,6346747.3331944,555287.891933333,999.344484658787,6346748.00298255,555287.805170881,999.917271801604
14.4,6346747.22371313,555288.946053814,999.42301399386,6346747.69896243,555288.844930058,999.830150791457
14.5,6346747.92841526,555289.716438781,999.426550834771,6346747.82521795,555289.648742154,999.339806040229
14.6,6346748.67799172,555290.534546187,999.295652064867,6346748.20668976,555290.470460189,998.893399142533
14.7,6346750.45628577,555289.245846614,999.40646220582,6346749.14974679,555289.367236499,998.286082747698
14.8,6346750.80402705,555288.810697658,999.39431942725,6346749.80804354,555288.875157686,998.539602187273
14.9,6346750.63566223,555288.619836716,999.541618873875,6346750.11207831,555288.649285105,999.091883346176
15,6346750.45704875,555288.519806694,999.48083065683,6346750.24068138,555288.534564066,999.292440380438
15.1,6346749.7378281,555288.60907212,999.438831081955,6346750.01175294,555288.597298617,999.672580857389
15.2,6346748.42023799,555287.752540729,999.353923622755,6346749.32750422,555287.805494824,1000.12802390001
15.3,6346748.47617277,555288.341917235,999.320577557149,6346748.99803998,555288.290357675,999.771041980894
15.4,6346748.94385545,555286.276142754,999.419001222155,6346748.97094496,555286.441506153,999.440758150672
15.5,6346749.6019837,555285.67450498,999.474441261599,6346749.24021554,555285.744434034,999.16500743455
15.6,6346748.37084783,555287.376584215,999.420628138766,6346748.86959259,555287.232380894,999.848905737036
15.7,6346747.78906841,555287.200687699,999.467903118951,6346748.41401723,555287.193308642,1000.0048364526
15.8,6346748.24010076,555288.707832833,999.548449704053,6346748.37719972,555288.580234583,999.668636509834
15.9,6346747.67413402,555288.530142366,999.610316910288,6346748.07743638,555288.529939936,999.952937202542
16,6346747.45245493,555286.49731957,999.612567170249,6346747.80702133,555286.65472795,999.914517955075
16.1,6346748.87780428,555285.845465897,999.509050349541,6346748.29245555,555285.920933825,999.007943551052
16.2,6346749.27596264,555286.032186227,999.514379591372,6346748.69348081,555286.033404167,999.018837221268
16.3,6346750.065437,555287.119103791,999.425580395672,6346749.27878661,555287.046107844,998.753456897235
16.4,6346749.902276,555287.304168686,999.401466080689,6346749.51862893,555287.288106849,999.075676893441
16.5,6346749.85398335,555286.764674074,999.31885010391,6346749.64998958,555286.808646241,999.140572033807
16.6,6346747.98601411,555287.849640054,999.27828325445,6346748.92318789,555287.748727166,1000.07871414418
16.7,6346748.19476422,555287.738174409,999.158778435534,6346748.64658641,555287.729965739,999.545703121165
16.8,6346748.36088,555287.320704782,999.178215253945,6346748.53639217,555287.348209497,999.328743414445
16.9,6346747.85177623,555287.799036124,999.083831490441,6346748.25502612,555287.75655719,999.427322808735
17,6346747.61815587,555286.853581529,999.218854147041,6346747.98411509,555286.921888919,999.531593264648
17.1,6346747.90150254,555289.281252762,999.178212270435,6346747.98583769,555289.086890584,999.253065676686
17.2,6346746.4514479,555288.572904539,999.170545698838,6346747.31125836,555288.600540703,999.904479258236
17.3,6346747.21566693,555288.211283164,999.053714710396,6346747.30306324,555288.241718593,999.130801702227
17.4,6346747.50858493,555289.318568502,999.028060182298,6346747.40803593,555289.235477203,998.945382225637
17.5,6346749.19887771,555289.675625989,998.980526476176,6346748.19031258,555289.658164299,998.119714918921
17.6,6346748.56499765,555289.236741349,998.954422161116,6346748.31598713,555289.275014207,998.738962838258
17.7,6346749.54598211,555287.760982407,998.821438619541,6346748.83727652,555287.896730089,998.21155352367
17.8,6346750.41860181,555286.274453121,998.745369665423,6346749.48293899,555286.425124745,997.94295953509
17.9,6346750.86326762,555285.726148743,998.781940768997,6346750.0348842,555285.797444642,998.069818277871
18,6346751.620836,555284.799094801,998.61548670843,6346750.68815433,555284.896796511,997.813253040837
18.1,6346754.7146413,555285.725301066,998.664138163979,6346752.40545172,555285.69401881,996.691699288691
18.2,6346753.82530561,555287.308611349,998.390659017564,6346752.95261673,555287.192798863,997.644241695751
18.3,6346755.30573271,555286.656874348,998.279659074215,6346753.94091398,555286.724556132,997.108981130293
18.4,6346755.18378656,555285.73876087,998.414554817459,6346754.41026722,555285.831792572,997.74880390149
18.5,6346756.08638948,555286.471269944,998.426001498685,6346755.11542391,555286.435831131,997.597826328892
18.6,6346754.67816351,555287.188289342,998.424424561111,6346754.89201086,555287.12388631,998.603655722169
18.7,6346754.20716127,555286.315445479,998.411366601668,6346754.59314092,555286.373111905,998.73742529972
18.8,6346753.29926151,555287.465538804,998.48901553255,6346754.05815476,555287.362885406,999.14202352673
18.9,6346753.66276077,555288.803233505,998.492730979567,6346753.93909046,555288.67780623,998.732698207452
19,6346751.6950017,555289.523805919,998.614465632312,6346752.97567351,555289.434157181,999.709362432151
19.1,6346750.53158128,555289.825430326,998.332211403414,6346751.98790684,555289.769594156,999.580246884926
19.2,6346750.81099144,555290.719329837,998.299250237,6346751.54619702,555290.626930555,998.931771566738
19.3,6346750.06445732,555290.814578479,998.414403256759,6346750.92887508,555290.785880718,999.151985271807
19.4,6346750.57817076,555290.883876235,998.223761559482,6346750.81997688,555290.870963584,998.43458532364
19.5,6346749.90350549,555288.616058793,998.303712814537,6346750.40922676,555288.790584718,998.734152950051
19.6,6346750.50341662,555291.839739867,998.189013301252,6346750.50989365,555291.590588756,998.200296755471
19.7,6346750.41258378,555290.626991736,998.381056358164,6346750.44652021,555290.705118653,998.408866312006
19.8,6346750.06181235,555290.048983636,998.460493977624,6346750.27013236,555290.098799518,998.636957234698
19.9,6346748.36465991,555290.799511938,998.440851951828,6346749.46220406,555290.724180297,999.380517656405
20,6346748.16107328,555287.638845223,998.432375582218,6346748.91488308,555287.87796889,999.075885977951
20.1,6346746.56419029,555287.212021306,998.384915413308,6346747.91835663,555287.242730616,999.542856362537
20.2,6346745.90281063,555288.501213614,998.257412469045,6346747.1149656,555288.375831441,999.298245718467
20.3,6346747.15170526,555288.313042196,998.297129015398,6346747.18422192,555288.316718603,998.325408450811
20.4,6346747.21704809,555288.738001277,998.417308504174,6346747.19703543,555288.702285332,998.401148743385
20.5,6346747.82321568,555289.3239416,998.470646795834,6346747.47460042,555289.279423519,998.174072607831
20.6,6346749.62026843,555289.644893267,998.494767578235,6346748.39777571,555289.63621109,997.449911826491
20.7,6346747.83607658,555288.428325371,998.499657109827,6346748.09441653,555288.525028894,998.714269575681
20.8,6346748.6129198,555287.46807749,998.443070175985,6346748.32293967,555287.559289268,998.192908650961
20.9,6346747.32363603,555286.325351145,998.25089603586,6346747.88010187,555286.41486369,998.725365070231
21,6346746.30601601,555285.987483393,998.131334017164,6346747.22430648,555286.007284314,998.915326448127
21.1,6346747.51949893,555285.427138756,998.027302822831,6346747.38734877,555285.476376901,997.913602769452
21.2,6346746.83801858,555286.398627075,998.032576518413,6346747.14421664,555286.317289695,998.296842674242
21.3,6346746.39572183,555286.137915409,997.918121159295,6346746.83655692,555286.147754024,998.297067606721
21.4,6346747.49930991,555286.027050192,998.054126298423,6346747.14257625,555286.043768046,997.747986382001
21.5,6346747.52025536,555284.990004937,998.101260154494,6346747.27671371,555285.081591261,997.891580941658
21.6,6346748.0811906,555286.073470662,998.121828424,6346747.6273385,555285.998812168,997.735452843896
21.7,6346747.58880007,555286.493640265,998.037294818717,6346747.60271188,555286.451147644,998.050444598947
21.8,6346747.75824716,555286.88059386,998.296384701755,6346747.66351567,555286.847997734,998.217291611706
21.9,6346747.76791127,555284.565674667,998.211998542219,6346747.68375163,555284.754892486,998.136572786154
22,6346748.59687054,555285.744869556,998.372684656178,6346748.07088708,555285.669041655,997.923614277198
22.1,6346747.22357698,555288.002844997,998.244896406841,6346747.71679385,555287.804853426,998.672352049877
22.2,6346747.50323174,555287.432988602,998.245473119221,6346747.64325035,555287.458148767,998.365872353307
22.3,6346748.55533779,555285.915704895,998.367522526792,6346748.02524547,555286.050281656,997.910687761349
22.4,6346749.07477631,555285.645472844,998.270778212733,6346748.46123427,555285.686068882,997.743981798916
22.5,6346748.05086902,555285.935875505,998.109961671806,6346748.26516588,555285.91562492,998.291707976538
22.6000000000001,6346746.98506042,555286.469373147,997.971949145438,6346747.73052783,555286.410580316,998.613608127644
22.7000000000001,6346747.84384341,555286.964586088,997.912571216481,6346747.81743919,555286.919594446,997.895037907231
22.8000000000001,6346748.4806185,555287.558480357,997.973070426636,6346748.10910634,555287.514689869,997.655551114205
22.9000000000001,6346748.5620695,555287.081712906,997.955945457886,6346748.28227689,555287.119613908,997.713589361481
23.0000000000001,6346748.55321794,555287.464179821,998.112076611904,6346748.38368671,555287.440314995,997.968699890126
23.1000000000001,6346748.02355452,555287.323029706,998.141380170962,6346748.21373624,555287.328983621,998.304070245786
23.2000000000001,6346747.48762005,555286.90971436,998.212477695058,6346747.89814462,555286.936780181,998.562268227526
23.3000000000001,6346747.21056534,555286.803446918,998.337247203101,6346747.61039301,555286.808693014,998.677447707426
23.4000000000001,6346747.06569112,555287.395660112,998.531122367231,6346747.3882834,555287.343203342,998.806528836212
23.5000000000001,6346746.52270873,555285.403055749,998.586843276539,6346747.00534089,555285.553783964,998.999155644636
23.6000000000001,6346747.29510483,555285.368744126,998.741605986636,6346747.13518096,555285.383590522,998.604362875637
23.7000000000001,6346746.93108822,555284.517329449,998.799496906607,6346747.0243765,555284.586989091,998.876572960771
23.8000000000001,6346747.83702969,555286.374334951,998.907340033876,6346747.39612963,555286.23870529,998.531621902759
23.9000000000001,6346747.55490026,555286.487076834,998.790060373127,6346747.44788031,555286.46993527,998.698285454315
24.0000000000001,6346748.23521435,555285.860899922,998.784857480657,6346747.7777262,555285.916666738,998.391979945077
24.1000000000001,6346750.24692259,555287.199018679,998.75870252591,6346748.83957641,555287.117149062,997.554691813789
24.2000000000001,6346749.59494863,555286.068657596,998.68645140448,6346749.1004749,555286.16147242,998.26237459606
24.3000000000001,6346748.99388207,555285.718081208,998.740126911095,6346749.02698471,555285.75299995,998.764725027322
24.4000000000001,6346750.57617384,555285.440596087,998.668385460036,6346749.70309146,555285.48148283,997.919454612956
24.5000000000001,6346751.33718327,555284.567582907,998.724012444749,6346750.36605253,555284.659402547,997.890083366075
24.6000000000001,6346752.15270651,555283.892887075,998.707255728056,6346751.08998353,555283.973932588,997.794925662226
24.7000000000001,6346752.28700699,555284.282841019,998.71979130786,6346751.56403731,555284.270380587,998.101950839606
24.8000000000001,6346753.79547866,555286.280973067,998.803418696973,6346752.51521648,555286.136785617,997.712416430006
24.9000000000001,6346755.32996861,555286.563792788,998.87691296956,6346753.68851595,555286.555495498,997.470688111039
25.0000000000001,6346753.76430543,555286.908867724,998.886476124837,6346753.65776968,555286.879918405,998.793317196903
25.1000000000001,6346753.62636078,555286.186839504,998.8378513054,6346753.63264858,555286.238732678,998.846069194336
25.2000000000001,6346753.59876114,555285.11456985,998.953772900472,6346753.60333223,555285.206085756,998.954478888476
25.3000000000001,6346754.01829506,555285.661880011,998.890528987059,6346753.79489377,555285.628952361,998.703308224755
25.4000000000001,6346754.63019993,555284.609278319,998.968054845505,6346754.13555918,555284.70137121,998.541773925135
25.5000000000001,6346755.34207861,555286.009840316,998.917501623388,6346754.65681546,555285.915159326,998.335053682565
25.6000000000001,6346755.46446289,555286.19844696,998.827568533766,6346754.98197101,555286.181127364,998.414592840699
25.7000000000001,6346753.84394049,555286.610944576,998.938207471276,6346754.47691336,555286.567026331,999.475665312476
25.8000000000001,6346754.1738852,555286.815121046,999.055763854045,6346754.36945309,555286.792850619,999.225547190374
25.9000000000001,6346755.61515031,555286.922544634,998.986122677512,6346754.92828653,555286.925426998,998.400177272425
26.0000000000001,6346756.79588446,555286.026889877,999.060641007267,6346755.69840794,555286.119160747,998.123534262792
26.1000000000001,6346756.48908332,555287.692363773,999.125057888729,6346756.01082025,555287.574841205,998.7169278993
26.2000000000001,6346755.83698369,555287.773072843,999.245937194553,6346755.91070312,555287.755324203,999.310641626967
26.3000000000001,6346755.7430359,555288.838161162,999.208945473275,6346755.84293973,555288.750995546,999.296348873846
26.4000000000001,6346755.51429632,555288.779278167,999.13548710185,6346755.71917596,555288.773701773,999.311461468442
26.5000000000001,6346754.98353364,555287.450227325,998.96940271288,6346755.4040916,555287.549578847,999.326341807701
26.6000000000001,6346756.29349514,555286.674605883,999.143280988713,6346755.79775376,555286.754912758,998.718960237626
26.7000000000001,6346755.96730518,555286.188595615,999.026387068618,6346755.85460802,555286.238348455,998.927798405535
26.8000000000001,6346756.90471528,555286.942796597,998.993543539763,6346756.31259172,555286.891733225,998.4880849928
26.9000000000001,6346756.24616135,555288.155477268,998.926543692254,6346756.27434027,555288.051521764,998.953331460947
27.0000000000001,6346756.81834201,555287.419457783,998.735039194613,6346756.52035603,555287.479176346,998.477260029769
27.1000000000001,6346755.29071956,555285.94244992,998.751723806982,6346755.95541594,555286.060781624,999.317798672189
27.2000000000001,6346755.55901118,555286.833410085,998.852962603097,6346755.80255619,555286.76979826,999.063688708872
27.3000000000001,6346756.46202814,555288.541624337,998.842698159133,6346756.10928271,555288.401211133,998.544944620369
27.4000000000001,6346755.13333519,555287.799202902,998.839562299424,6346755.66589952,555287.842181474,999.291996754539
27.5000000000001,6346754.67499403,555288.226547833,998.859193101527,6346755.25871042,555288.183216289,999.358187337956
27.6000000000001,6346755.24849817,555289.660607125,998.937095331903,6346755.28852927,555289.539354027,998.970294549993
27.7000000000001,6346754.91472032,555290.250724839,998.949323324816,6346755.1277268,555290.187457492,999.132207149618
27.8000000000001,6346754.51311237,555290.618133896,998.780827684211,6346754.87950137,555290.572963313,999.093049310997
27.9000000000001,6346752.37654346,555289.307374633,998.838491197252,6346753.78394643,555289.387497158,1000.03854796601
28.0000000000001,6346750.61817997,555288.314979766,998.788740184565,6346752.46351274,555288.370013943,1000.36640580395
28.1000000000001,6346750.8211358,555286.086618554,998.871040801972,6346751.80599382,555286.254636962,999.712125400615
28.2000000000001,6346749.75439029,555286.486195608,998.728272489287,6346750.96389818,555286.44446241,999.765826592702
28.3000000000001,6346748.69259514,555288.188653681,998.656856803626,6346750.05007678,555288.022662727,999.821473641276
28.4000000000001,6346748.48824947,555288.651579368,998.676838850717,6346749.43630224,555288.585778092,999.487590945374
28.5000000000001,6346748.32909198,555289.547844059,998.60501788582,6346749.00742701,555289.458225719,999.187496186601
28.6000000000001,6346749.67308804,555290.038925142,998.588491259241,6346749.3281864,555289.996054227,998.293872591726
28.7000000000001,6346750.32103727,555290.297671095,998.486976448712,6346749.75319374,555290.28178925,998.000438346211
28.8000000000001,6346748.23662513,555290.900894702,998.702754909251,6346749.06339354,555290.835276077,999.40999372939
28.9000000000001,6346748.70290031,555291.969913124,998.683853391139,6346748.95050602,555291.870161896,998.902072413513
29.0000000000001,6346749.25496468,555292.948207497,998.65854409129,6346749.10792698,555292.863809593,998.536556408654
29.1000000000001,6346748.74248033,555293.819694302,998.780390656061,6346748.94417796,555293.740869752,998.953975082114
29.2000000000001,6346746.49827224,555294.140296501,998.795797433882,6346747.88748225,555294.084498004,999.985028023268
29.3000000000001,6346746.82092688,555294.761235929,998.747041264126,6346747.48039235,555294.695767278,999.314378797334
29.4000000000001,6346746.85603303,555295.085942344,998.738389539603,6346747.24296865,555295.049308229,999.073238504328
29.5000000000001,6346746.58631126,555294.575324869,998.757495986307,6346746.97013505,555294.607317147,999.08325878239
29.6000000000002,6346746.97815783,555292.605499714,998.788031710538,6346746.97386424,555292.772091007,998.780198456023
29.7000000000002,6346746.57267071,555291.589971687,998.869228423635,6346746.78413099,555291.681429374,999.048465309131
29.8000000000002,6346747.16111208,555290.771865255,998.789118060668,6346746.95196777,555290.849052324,998.609382708734
29.9000000000002,6346747.69159416,555290.220667341,998.842185450491,6346747.26010285,555290.27848397,998.470711621057
30.0000000000002,6346747.26031911,555290.684326959,998.908812211602,6346747.24510397,555290.653131749,998.895771923579
30.1000000000002,6346747.08006825,555290.198916746,999.05653655038,6346747.156488,555290.232778665,999.120302242879
30.2000000000002,6346747.09103339,555290.444862166,999.192459541017,6346747.1300387,555290.424508144,999.223976373051
30.3000000000002,6346746.7832703,555289.449952108,999.195027769205,6346746.96691844,555289.528193487,999.351159499492
30.4000000000002,6346747.92267723,555288.625236792,999.159760010384,6346747.38437182,555288.705566901,998.6978354968
30.5000000000002,6346746.58812527,555287.763696315,999.282155786181,6346746.99877207,555287.830607222,999.630616684745
30.6000000000002,6346748.18827851,555288.618240859,999.10633105332,6346747.5456863,555288.563904857,998.55820954828
30.7000000000002,6346748.69234776,555289.54615851,999.014589846512,6346748.03322234,555289.476126281,998.453638015297
30.8000000000002,6346748.82263415,555289.624085544,999.066907550375,6346748.35109141,555289.621519646,998.661238786197
30.9000000000002,6346747.87808795,555290.434779493,999.127903449184,6346748.13298034,555290.366065038,999.344742752614
31.0000000000002,6346748.78862843,555292.143589636,999.006156035982,6346748.45091326,555292.00320222,998.72181075481
31.1000000000002,6346748.52712975,555293.58658332,999.071976990431,6346748.47913142,555293.458922803,999.031373287363
31.2000000000002,6346749.81798752,555293.400651361,998.999066038019,6346749.06740273,555293.416533487,998.359356172489
31.3000000000002,6346749.91742816,555293.38373265,999.011542010793,6346749.40568171,555293.394288126,998.571782757812
31.4000000000002,6346749.46950472,555291.494486335,999.072803234846,6346749.39876647,555291.65313112,999.007078809675
31.5000000000002,6346749.87077377,555291.97953966,999.093192564903,6346749.61011044,555291.959042819,998.873930723133
31.6000000000002,6346749.73796955,555293.474875343,999.207900127905,6346749.65451506,555293.351977994,999.137611897188
31.7000000000002,6346750.95011945,555293.974543199,999.235306874274,6346750.21378609,555293.937236205,998.607507255825
31.8000000000002,6346749.58610291,555291.41504197,999.261693240618,6346749.87987501,555291.61741541,999.506288375858
31.9000000000002,6346747.41936426,555292.792915237,999.310644069128,6346748.83917018,555292.671378911,1000.52632177205
32.0000000000002,6346748.21497723,555294.303022649,999.377475308642,6346748.64170201,555294.163611735,999.746145188456
32.1000000000002,6346749.2433023,555293.504019701,999.273717978163,6346748.91535787,555293.560549534,998.993187696601
32.2000000000002,6346750.65696184,555293.447734299,999.40429489594,6346749.64565266,555293.474332425,998.536090521693
32.3000000000002,6346750.93409675,555293.645313971,999.263001852251,6346750.17480395,555293.645199837,998.616392256038
32.4000000000002,6346751.07292231,555294.433525521,999.305928333392,6346750.54344528,555294.378136449,998.849015618065
32.5000000000002,6346751.69524195,555294.930804774,999.277506472997,6346751.02025622,555294.897412809,998.703298025903
32.6000000000002,6346752.89729455,555294.397458733,999.366579337975,6346751.79533582,555294.454408928,998.423748447413
32.7000000000002,6346752.80486049,555293.784908531,999.33859395237,6346752.18255248,555293.849988078,998.805024910168
32.8000000000002,6346751.4497641,555295.31722033,999.203747198491,6346751.85824472,555295.190787725,999.556990442233
32.9000000000002,6346752.51037249,555295.371258065,999.198105458345,6346752.16361549,555295.361786479,998.901961342906
33.0000000000002,6346754.26470857,555295.193382939,999.164314659976,6346753.06283347,555295.225723129,998.134249703389
33.1000000000002,6346754.54917887,555294.315284262,999.098662014878,6346753.65826891,555294.404024902,998.332316239665
33.2000000000002,6346753.37922358,555293.358869515,999.157312377792,6346753.48606244,555293.442716138,999.243397553998
33.3000000000002,6346753.61024484,555291.322294338,999.279023282872,6346753.52506177,555291.497520215,999.200272198173
33.4000000000002,6346754.03890297,555290.142886684,999.379796386306,6346753.72455351,555290.259434584,999.108759717147
33.5000000000002,6346752.99087126,555291.499236427,999.42299257576,6346753.40130422,555291.391405188,999.774399997179
33.6000000000002,6346753.76675116,555290.784157548,999.328283402232,6346753.58151079,555290.835134463,999.168167266245
33.7000000000002,6346752.93990419,555291.083305676,999.223223267764,6346753.29906995,555291.056625227,999.532626315582
33.8000000000002,6346754.51097039,555291.774750321,999.012441352969,6346753.8518316,555291.72659734,998.450818502729
33.9000000000002,6346754.14260244,555292.583678853,998.980876293809,6346753.9551342,555292.51864478,998.818007372588
34.0000000000002,6346753.68314987,555292.98971528,999.212007068565,6346753.82112222,555292.950017067,999.32908488227
34.1000000000002,6346753.73677393,555292.319826498,999.185130911814,6346753.77911241,555292.366180007,999.21968591877
34.2000000000002,6346753.68361437,555292.067396023,999.377768425833,6346753.73132321,555292.091215792,999.420274314509
34.3000000000002,6346754.97755571,555290.053597797,999.473658600811,6346754.25232101,555290.228956421,998.84906792722
34.4000000000002,6346755.19427601,555288.051422746,999.314458618949,6346754.61720191,555288.241177313,998.814624528581
34.5000000000002,6346754.4878705,555288.869586937,999.333075172775,6346754.5371766,555288.817182922,999.376742214437
34.6000000000002,6346754.23103759,555289.458966145,999.285758034811,6346754.40902322,555289.403438317,999.439106696666
34.7000000000002,6346753.01136931,555288.982803002,999.307688182303,6346753.80678337,555289.003755287,999.987019068611
34.8000000000002,6346753.37408171,555289.328795058,999.191392033124,6346753.65862167,555289.296065576,999.438014933878
34.9000000000002,6346754.3930145,555287.990679598,999.373715385282,6346753.96604071,555288.105919992,999.010330248161
35.0000000000002,6346754.13709675,555290.1845983,999.234680038208,6346754.04345366,555290.013274014,999.157883492896
35.1000000000002,6346754.26719551,555289.495930889,999.203472486088,6346754.12782145,555289.54089907,999.081258283482
35.2000000000002,6346755.03713762,555288.88044837,999.125928353929,6346754.51256083,555288.943783133,998.676096131791
35.3000000000002,6346755.27130282,555288.028706545,999.080161299469,6346754.81940233,555288.111302154,998.689983011385
35.4000000000002,6346756.79282645,555287.864373471,999.132292892166,6346755.65837627,555287.899817612,998.161884922563
35.5000000000002,6346756.864414,555287.426634427,999.079373494135,6346756.13499177,555287.478261116,998.454328454315
35.6000000000002,6346755.92897937,555287.237633307,999.152747691622,6346756.00720963,555287.256816991,999.219209880259
35.7000000000002,6346755.44216315,555289.41515977,999.246068068898,6346755.77717525,555289.234129424,999.533802531468
35.8000000000002,6346754.60530369,555289.742170274,999.075157251288,6346755.29294681,555289.691409527,999.666392692488
35.9000000000002,6346756.4489472,555289.196388873,999.048149609948,6346755.82318182,555289.246592992,998.51274603994
36.0000000000002,6346757.69074783,555289.323517328,999.131387237291,6346756.60416126,555289.33450166,998.201860754286
36.1000000000002,6346759.3452858,555289.490352904,999.137695642372,6346757.74765778,555289.5039139,997.772525941444
36.2000000000002,6346760.91298197,555289.440115534,999.155259543156,6346759.05725308,555289.472189046,997.5652848377
36.3000000000002,6346759.98355136,555289.121195417,999.044173151742,6346759.39083018,555289.162940571,998.53255448249
36.4000000000002,6346758.96143783,555290.426043343,999.143151490191,6346759.18790063,555290.322226173,999.337668729546
36.5000000000002,6346761.25231809,555288.761240616,999.127205186867,6346760.09087464,555288.907613109,998.132051360427
36.6000000000003,6346762.39650063,555290.177148961,999.335543356034,6346761.04463739,555290.097852574,998.178267676046
36.7000000000003,6346761.77398395,555289.35713463,999.443888167007,6346761.28425581,555289.427469986,999.023056096745
36.8000000000003,6346762.11838566,555289.540589359,999.409321958191,6346761.6266202,555289.53706946,998.986570047454
36.9000000000003,6346761.57732788,555290.47345223,999.549480609381,6346761.58086221,555290.395671003,999.554996314199
37.0000000000003,6346763.54154517,555290.158894585,999.595406127161,6346762.4346617,555290.196784596,998.65009026856
37.1000000000003,6346761.54259062,555289.822088914,999.576628644389,6346761.99935546,555289.847142495,999.963446362743
37.2000000000003,6346760.93566772,555291.42109473,999.57673321135,6346761.56080967,555291.28274509,1000.11655546278
37.3000000000003,6346760.97631786,555290.652574967,999.487028513768,6346761.333106,555290.696893531,999.793735724717
37.4000000000003,6346763.31823618,555290.9766318,999.407352915947,6346762.21832474,555290.970998523,998.469857707691
37.5000000000003,6346764.31445052,555290.566087714,999.425879174119,6346763.07774282,555290.618006388,998.36721218156
37.6000000000003,6346763.63316824,555290.634661469,999.367481243624,6346763.269699,555290.637499624,999.05196763884
37.7000000000003,6346764.89313753,555289.700346749,999.40005853056,6346763.94929053,555289.792384306,998.593452708602
37.8000000000003,6346765.01818769,555290.087724483,999.309205638664,6346764.39040873,555290.073638972,998.768714939125
37.9000000000003,6346764.38635821,555289.282101588,999.166547952191,6346764.36155188,555289.346187267,999.143433144346
38.0000000000003,6346764.87771714,555289.735371726,999.307790948136,6346764.57711116,555289.707350489,999.05261261578
38.1000000000003,6346765.55295957,555289.915507765,999.578220415109,6346764.97932599,555289.905089888,999.088878483714
38.2000000000003,6346764.62497329,555289.787081505,999.716336750729,6346764.79856414,555289.793195685,999.861479053688
38.3000000000003,6346762.817862,555289.978083822,999.696686230846,6346763.9507842,555289.946914344,1000.66722543915
38.4000000000003,6346763.28965455,555291.087393034,999.710401019007,6346763.71605077,555290.987267205,1000.07753717166
38.5000000000003,6346762.3866723,555291.384352235,999.816504546354,6346763.15659583,555291.340211837,1000.47562413657
38.6000000000003,6346762.70265661,555291.311087424,999.648132306594,6346763.00345392,555291.307356786,999.907204255487
38.7000000000003,6346763.30853471,555292.103714912,999.706139551763,6346763.14663591,555292.038340615,999.568685053745
38.8000000000003,6346764.07433306,555290.765710979,999.777585361992,6346763.53045704,555290.87937449,999.311759992305
38.9000000000003,6346765.31206704,555290.97338982,999.867587839551,6346764.27244506,555290.982164445,998.979459136782
39.0000000000003,6346763.9150952,555292.375209922,999.814885073621,6346764.08504446,555292.261071226,999.959453635132
39.1000000000003,6346762.99131664,555290.608839064,999.684272969922,6346763.60730758,555290.73741757,1000.20752991585
39.2000000000003,6346762.11890383,555290.808112803,999.690432463602,6346762.99220332,555290.789502072,1000.43837356411
39.3000000000003,6346762.6344716,555291.36046795,999.521990325218,6346762.88165888,555291.313185492,999.738433574996
39.4000000000003,6346762.87010147,555291.882978161,999.576217837084,6346762.88509453,555291.838143861,999.588580728657
39.5000000000003,6346762.3615875,555291.928970016,999.468920595229,6346762.66470305,555291.91706003,999.727268407671
39.6000000000003,6346763.16832648,555291.665958768,999.409495999506,6346762.89421418,555291.691637989,999.17668829899
39.7000000000003,6346762.78651443,555291.74533428,999.332546598837,6346762.83562,555291.739254421,999.373525778271
39.8000000000003,6346762.18819325,555291.512260961,999.485437365645,6346762.54528041,555291.525316319,999.790281483971
39.9000000000003,6346761.76447109,555290.387653499,999.62494812885,6346762.20498058,555290.475407776,1000.00223669203
40.0000000000003,6346761.73536496,555289.390275043,999.587065650032,6346762.0110948,555289.473554372,999.819308489007
40.1000000000003,6346763.39091385,555289.940407439,999.570535653854,6346762.62686917,555289.916286386,998.920832528939
40.2000000000003,6346763.29608473,555289.382595891,999.712959543323,6346762.87130608,555289.433606623,999.345180816143
40.3000000000003,6346762.61856922,555288.969840281,999.742405738666,6346762.73646905,555289.00483229,999.843765825314
40.4000000000003,6346762.35882324,555288.313237116,999.794787412284,6346762.56655116,555288.36934755,999.972103866179
40.5000000000003,6346761.7628,555287.837112172,999.781223290271,6346762.21885858,555287.874846912,1000.17170310931
40.6000000000003,6346761.58693683,555288.722982539,999.701838422089,6346761.97231846,555288.645435074,1000.03210467655
40.7000000000003,6346763.11689818,555289.240993784,999.742205674797,6346762.48378772,555289.203198173,999.200761160012
40.8000000000003,6346762.94363199,555287.528321038,999.84620869447,6346762.64097482,555287.669744655,999.58440940074
40.9000000000003,6346761.89993998,555287.733740105,999.85415658191,6346762.30456792,555287.722637343,1000.20025567879
41.0000000000003,6346761.92421937,555287.247090825,999.719207971594,6346762.15228524,555287.280625642,999.913876045381
41.1000000000003,6346761.67549972,555287.368161027,999.498169814114,6346761.97006643,555287.355504942,999.751659185254
41.2000000000003,6346761.99177312,555286.603302479,999.626069854732,6346761.98417923,555286.662760047,999.61837629446
41.3000000000003,6346762.00744348,555285.839745591,999.590313497361,6346761.99473055,555285.903628855,999.577906891703
41.4000000000003,6346762.66227547,555284.811064218,999.483512160278,6346762.28621933,555284.908871354,999.160395471626
41.5000000000003,6346762.35716918,555283.915018071,999.331125682156,6346762.30326996,555283.996505425,999.285046188894
41.6000000000003,6346760.95520085,555283.835296919,999.507406504054,6346761.70193005,555283.837868379,1000.14494586568
41.7000000000003,6346762.50833857,555283.851832399,999.612600563227,6346762.08408189,555283.860396332,999.25353304183
41.8000000000003,6346762.05817513,555283.820899365,999.60403644328,6346762.05235581,555283.824168927,999.599829726135
41.9000000000003,6346761.19637823,555284.745520852,999.581814263831,6346761.68923427,555284.662810844,1000.00403446946
42.0000000000003,6346761.89481901,555286.783822849,999.58743692792,6346761.8179008,555286.613361114,999.526471279213
42.1000000000003,6346762.18872539,555285.796946978,999.604143539684,6346761.9681561,555285.866339753,999.414628529134
42.2000000000003,6346765.81324104,555287.135943336,999.5547313766,6346763.64403525,555287.065315133,997.702840292393
42.3000000000003,6346766.36611483,555286.789295977,999.492270328436,6346764.74582569,555286.837392855,998.099749920171
42.4000000000003,6346768.32242719,555288.483948697,999.444958235536,6346766.24813699,555288.377885532,997.672328761883
42.5000000000003,6346768.45377476,555290.71332825,999.496466425292,6346767.14997718,555290.539790868,998.381083420416
42.6000000000003,6346768.29845525,555288.695842837,999.51902722738,6346767.58203653,555288.856769841,998.902939610482
42.7000000000003,6346768.49101949,555288.906154357,999.488322712928,6346767.95096988,555288.908850788,999.025336231433
42.8000000000003,6346768.43630155,555289.258978224,999.456596109938,6346768.15040984,555289.233859301,999.212311625757
42.9000000000003,6346768.8558194,555291.081530457,999.398446847834,6346768.47051656,555290.93707548,999.071181208302
43.0000000000003,6346770.18118386,555290.906273253,999.400962384917,6346769.19698936,555290.923601208,998.558574891247
43.1000000000003,6346770.61016736,555291.600497193,999.325020752451,6346769.77854908,555291.556515214,998.615344474869
43.2000000000003,6346769.87276093,555291.667604826,999.460531853789,6346769.78485112,555291.660817345,999.384255261179
43.3000000000003,6346770.02031454,555291.963918033,999.446657596425,6346769.88105442,555291.941981069,999.328297697852
43.4000000000003,6346769.80133085,555292.354045151,999.533560750998,6346769.84461508,555292.319755391,999.56837376556
43.5000000000003,6346767.72942401,555292.374274582,999.467186607116,6346768.94079572,555292.350632801,1000.50379959922
43.6000000000003,6346768.00483372,555292.401838684,999.578691372838,6346768.57888153,555292.388954894,1000.0697889848
43.7000000000004,6346769.3022462,555291.38262616,999.640861639982,6346768.89972921,555291.471232842,999.297285868005
43.8000000000004,6346769.28648912,555290.842401417,999.440279482071,6346769.06065246,555290.895500714,999.248209829635
43.9000000000004,6346768.22844733,555292.209780891,999.271899208007,6346768.7105346,555292.097276059,999.685630186774
44.0000000000004,6346767.84703555,555292.202827859,999.270421545671,6346768.35275604,555292.184340597,999.703666654768
44.1000000000004,6346767.69162526,555291.882668606,999.253303888169,6346768.08615709,555291.901019751,999.589751410306
44.2000000000004,6346768.80313728,555292.693416373,999.50862245862,6346768.40935083,555292.633854692,999.174316641107
44.3000000000004,6346767.97167757,555293.481164621,999.489953261395,6346768.21571727,555293.406218599,999.698010785282
44.4000000000004,6346767.84474395,555294.028428785,999.419691557376,6346768.07642137,555293.975319584,999.617258757267
44.5000000000004,6346768.22922203,555293.304041432,999.394323902406,6346768.14853314,555293.358747145,999.323785213056
44.6000000000004,6346767.65342969,555293.607288079,999.276175066957,6346767.93405514,555293.582993824,999.513117470567
44.7000000000004,6346766.31710473,555293.752663789,999.354150730118,6346767.23753783,555293.724773141,1000.14050507491
44.8000000000004,6346766.6320966,555294.019995821,999.22247857816,6346767.02185716,555293.989856472,999.559802868206
44.9000000000004,6346765.94563101,555295.41471378,999.246941693211,6346766.58474768,555295.287091937,999.795315390741
45.0000000000004,6346767.0522773,555295.961101674,999.14287788763,6346766.82261202,555295.910291236,998.950199292068
45.1000000000004,6346766.55191175,555295.603825076,999.044181304478,6346766.69707052,555295.626034917,999.165467370796
45.2000000000004,6346766.27712222,555296.655243208,998.942444110475,6346766.53550553,555296.569640239,999.166438537156
45.3000000000004,6346764.89098069,555295.776338663,998.837231396162,6346765.82740534,555295.828137921,999.63845710656
45.4000000000004,6346765.78938158,555296.766827756,998.642757909209,6346765.87479151,555296.688887483,998.720761437867
45.5000000000004,6346767.30700583,555294.348718706,998.636182813388,6346766.47911474,555294.552727148,997.924713697645
45.6000000000004,6346766.6846336,555295.225943634,998.634473082781,6346766.54177962,555295.172221207,998.511370385669
45.7000000000004,6346766.40481234,555295.62736968,998.647844610995,6346766.47602482,555295.588811962,998.712371647113
45.8000000000004,6346765.44817414,555294.252872616,998.708330078606,6346766.01975609,555294.352640598,999.196736542201
45.9000000000004,6346766.00867135,555295.315864192,998.736731434565,6346766.05262215,555295.236392001,998.775744274295
46.0000000000004,6346767.28181461,555295.875244651,998.696392288141,6346766.59727498,555295.831791099,998.111958936484
46.1000000000004,6346768.84275856,555296.390477656,998.621865316555,6346767.55236199,555296.366053426,997.517380051914
46.2000000000004,6346769.14796471,555297.389591081,998.531818529663,6346768.20972269,555297.318067423,997.729672490065
46.3000000000004,6346767.17186685,555298.960212063,998.553925458203,6346767.73738095,555298.815516557,999.038672477082
46.4000000000004,6346766.40393179,555300.057295997,998.726523071525,6346767.18151336,555299.945331681,999.393628801844
46.5000000000004,6346768.30948398,555300.728707241,998.7641470104,6346767.7123398,555300.674709664,998.258239279082
46.6000000000004,6346769.48242264,555300.534337572,998.871511632393,6346768.45443142,555300.559868129,997.99120403111
46.7000000000004,6346767.07150438,555299.734754581,998.907769817318,6346767.80655162,555299.789959069,999.533833445669
46.8000000000004,6346766.27446423,555300.847192402,999.162378784581,6346767.17220578,555300.744943149,999.929980158559
46.9000000000004,6346764.8332577,555302.193854599,999.128681048265,6346766.19859489,555302.054884309,1000.29865434473
47.0000000000004,6346765.38633795,555301.100078115,999.022754853114,6346765.89484387,555301.170953978,999.459300866535
47.1000000000004,6346764.20708754,555301.183520893,999.072864671805,6346765.18329929,555301.16793959,999.907591787084
47.2000000000004,6346764.51034015,555301.751585345,999.119000391589,6346764.92611947,555301.697067153,999.473563120062
47.3000000000004,6346765.83294068,555300.680392534,999.092388440155,6346765.32326811,555300.770892641,998.657360793726
47.4000000000004,6346764.37849356,555301.535081898,999.197964302016,6346764.8882691,555301.464766832,999.632688253192
47.5000000000004,6346763.79277685,555302.037089738,999.105121184406,6346764.44274447,555301.980655637,999.663380496176
47.6000000000004,6346763.2155371,555302.652153337,999.112873892732,6346763.94503181,555302.588432178,999.739814204882
47.7000000000004,6346761.74005242,555301.601987129,999.084006310358,6346763.01458684,555301.663180668,1000.17343327543
47.8000000000004,6346762.58466708,555302.840756539,998.985680184449,6346762.88414952,555302.739550145,999.24412202396
47.9000000000004,6346762.56058346,555300.744329216,998.963790551883,6346762.74291778,555300.902857399,999.118552319434
48.0000000000004,6346762.66653195,555302.361644303,999.043646389381,6346762.71881488,555302.241699226,999.092535139642
48.1000000000004,6346763.02885152,555303.195693641,998.958604216201,6346762.86958258,555303.118194411,998.823272475264
48.2000000000004,6346763.35495031,555302.293510888,999.14823463729,6346763.05066105,555302.365375968,998.887513887859
48.3000000000004,6346762.95215938,555300.192870637,999.315655926724,6346762.96860065,555300.372314769,999.323640653288
48.4000000000004,6346761.74681014,555300.192678146,999.36262771499,6346762.43409162,555300.199473968,999.947989055179
48.5000000000004,6346763.55978595,555301.051626285,999.291075746428,6346762.96018543,555300.991530497,998.780064000396
48.6000000000004,6346765.50155568,555300.29720673,999.266061238298,6346764.04416713,555300.375331711,998.019554822289
48.7000000000004,6346764.94798358,555299.614042202,999.148271841278,6346764.3782846,555299.686930254,998.657909192268
48.8000000000004,6346765.18726674,555300.261680237,999.021721807275,6346764.71923202,555300.220576703,998.621928369901
48.9000000000004,6346766.57625185,555302.573401464,999.05798650139,6346765.52326466,555302.395262646,998.162110966642
49.0000000000004,6346767.26691154,555302.868227511,999.148718558508,6346766.24088206,555302.845027637,998.266800609469
49.1000000000004,6346766.81618345,555303.10376622,999.152601622392,6346766.45170968,555303.088200861,998.838084435325
49.2000000000004,6346768.29743983,555304.259006149,999.166141655396,6346767.23921258,555304.179719232,998.263555112783
49.3000000000004,6346766.03284156,555303.875500616,999.128456382502,6346766.6756048,555303.892057306,999.674589493029
49.4000000000004,6346762.81521198,555303.503478708,999.057977667064,6346765.01787791,555303.503139499,1000.93868702024
49.5000000000004,6346761.23155312,555302.740601448,999.010568774615,6346763.45694154,555302.77350027,1000.91424079861
49.6000000000004,6346761.26537189,555302.235015283,998.847096935881,6346762.59529803,555302.258483587,999.988187816438
49.7000000000004,6346760.17376565,555302.073781669,999.054312825799,6346761.59461471,555302.067469762,1000.26864241726
49.8000000000004,6346760.30762015,555302.647711793,999.149707284896,6346761.08970009,555302.589286723,999.821818985472
49.9000000000004,6346760.15057176,555301.299563118,999.176742436304,6346760.69352266,555301.396471707,999.639957364989
50.0000000000004,6346762.08318358,555301.845432926,999.069187547832,6346761.32660532,555301.81901447,998.42299605439
50.1000000000004,6346762.26153584,555300.745544336,999.165661811641,6346761.69643263,555300.842669269,998.680806282934
50.2000000000004,6346761.34672336,555299.283255468,999.124086352171,6346761.51151344,555299.408389544,999.261927321618
50.3000000000004,6346761.15354666,555298.176751475,999.06777949487,6346761.35214059,555298.274607875,999.235428277371
50.4000000000004,6346761.42339029,555298.412241744,998.917023238665,6346761.40270637,555298.40050785,998.900139213595
50.5000000000004,6346762.09287294,555295.712561513,998.908642216864,6346761.68190905,555295.937930483,998.552031347805
50.6000000000004,6346761.7840995,555296.849227709,998.850676421399,6346761.72367254,555296.774233968,998.8004335399
50.7000000000005,6346761.43258968,555296.796343962,998.881462793184,6346761.5894303,555296.79189224,999.01603154565
50.8000000000005,6346761.17711666,555296.880283718,998.903062130113,6346761.41409351,555296.869160201,999.105249495775
50.9000000000005,6346761.21931735,555295.966310679,999.033005487506,6346761.33156237,555296.037793396,999.126588248816
51.0000000000005,6346762.00109068,555295.352099963,999.098365158369,6346761.61999937,555295.413612708,998.769187584352
51.1000000000005,6346762.87899305,555295.025157192,999.086164483414,6346762.14518465,555295.06883234,998.457989492233
51.2000000000005,6346761.42532216,555295.430251307,999.172277889926,6346761.80023247,555295.394191011,999.490670442552
51.3000000000005,6346762.19468553,555297.386574575,999.017948851107,6346762.01308103,555297.225285402,998.86695925309
51.4000000000005,6346762.95038446,555297.55935127,999.227414937688,6346762.3967618,555297.541553553,998.75128097198
51.5000000000005,6346761.56067179,555296.946796846,999.234461626426,6346762.00444343,555296.987976035,999.610680633125
51.6000000000005,6346761.49208681,555296.183824954,999.400163484292,6346761.78161415,555296.24562087,999.647021554019
51.7000000000005,6346760.99003784,555296.973911606,999.190869024328,6346761.46832622,555296.909827334,999.603401268113
51.8000000000005,6346762.00735404,555297.080323649,999.19868216926,6346761.7224143,555297.071866777,998.957424114977
51.9000000000005,6346761.26800311,555298.2521454,999.102110519117,6346761.51969693,555298.151232108,999.317995979284
52.0000000000005,6346761.30865032,555297.639477763,999.134115507074,6346761.43159178,555297.679171894,999.239716842558
52.1000000000005,6346760.21918998,555299.008241952,999.324042272662,6346760.91075252,555298.891900939,999.916038920627
52.2000000000005,6346760.92863678,555299.931205243,999.142631856108,6346760.96466517,555299.847349969,999.174938824627
52.3000000000005,6346760.78095078,555300.502558044,999.12881448928,6346760.89357126,555300.447182112,999.226177358865
52.4000000000005,6346761.23603705,555300.264410127,999.081867511841,6346761.04767562,555300.280689528,998.919970513488
52.5000000000005,6346760.44959466,555300.202659837,999.0514756003,6346760.77338294,555300.201769928,999.328431899098
52.6000000000005,6346761.28088061,555297.96321116,998.9976498647,6346760.98948188,555298.150714534,998.749086144454
52.7000000000005,6346761.89058046,555298.371451125,999.065532199813,6346761.3714143,555298.355454775,998.623449262939
52.8000000000005,6346761.0646785,555298.486308622,999.050609148199,6346761.21703948,555298.470968405,999.17997884626
52.9000000000005,6346760.21111197,555300.386892663,999.02471876377,6346760.79612147,555300.219788184,999.528431434408
53.0000000000005,6346759.5488212,555300.247679201,999.213980388029,6346760.27418663,555300.234634124,999.834039538025
53.1000000000005,6346758.81219419,555300.048704927,999.055595260332,6346759.67551072,555300.0523901,999.794886669056
53.2000000000005,6346758.93629492,555300.450414676,999.185962419985,6346759.38182405,555300.414175437,999.565915816552
53.3000000000005,6346759.38130976,555299.464545511,999.220805155553,6346759.38351178,555299.543326941,999.222624578709
53.4000000000005,6346758.78214598,555298.366542558,999.185232334053,6346759.11741734,555298.455261384,999.469829654843
53.5000000000005,6346757.26063695,555299.108335925,999.079368557821,6346758.3336181,555299.038852384,999.999214365072
53.6000000000005,6346757.78570662,555297.398144444,999.177292269235,6346758.12178528,555297.527741699,999.466036423669
53.7000000000005,6346758.85912446,555297.181718937,999.101137032113,6346758.45703387,555297.216407381,998.758054638831
53.8000000000005,6346759.63325204,555298.765052214,998.940998468199,6346758.96857989,555298.64795504,998.375202185475
53.9000000000005,6346759.85175062,555297.23612866,999.07069723148,6346759.31071364,555297.357676463,998.604951364534
54.0000000000005,6346759.79069037,555299.162176941,999.103744958962,6346759.51325982,555299.017951218,998.864556003988
54.1000000000005,6346759.96958996,555299.247938998,999.150317906691,6346759.70577872,555299.233623989,998.923181912328
54.2000000000005,6346759.3544829,555297.837139285,999.152454394391,6346759.52438856,555297.946897142,999.29552912835
54.3000000000005,6346758.41453692,555295.963437949,998.97401380994,6346759.03684011,555296.113562195,999.503100137388
54.4000000000005,6346759.42472094,555295.850987618,999.117406485739,6346759.22171716,555295.876798859,998.945117391334
54.5000000000005,6346758.96610447,555296.57900135,999.114794467059,6346759.10650053,555296.516559942,999.235816145786
54.6000000000005,6346761.05693748,555297.374847073,999.264358346655,6346759.9626361,555297.318912057,998.332212258904
54.7000000000005,6346760.28352996,555298.115574887,999.207748101587,6346760.06401572,555298.051509357,999.020260254965
54.8000000000005,6346759.96235481,555298.296729336,999.039847048493,6346760.01402116,555298.276762496,999.085806657669
54.9000000000005,6346759.3838138,555298.826914232,999.006917617443,6346759.74667881,555298.779205657,999.317288889605
55.0000000000005,6346759.19002215,555300.698531304,999.201806008981,6346759.52213692,555300.53658347,999.487878790472
55.1000000000005,6346761.44171436,555301.038182355,998.957741793981,6346760.39641538,555301.011703374,998.066061412632
55.2000000000005,6346761.83075225,555301.233166043,998.944821448562,6346760.98161386,555301.225286139,998.215591462576
55.3000000000005,6346761.35991328,555302.187985854,999.155227543777,6346761.10926115,555302.114335859,998.94133850393
55.4000000000005,6346761.36738638,555304.357818771,999.199861823426,6346761.22583304,555304.178556485,999.082501266837
55.5000000000005,6346760.62487388,555304.648513471,999.245907486298,6346760.96021689,555304.608126433,999.53058290669
55.6000000000005,6346758.78067557,555304.333664917,999.439383451539,6346760.02020568,555304.338237263,1000.49977641529
55.7000000000005,6346757.90472512,555304.583787216,999.511194337153,6346759.15172802,555304.547638805,1000.58031999703
55.8000000000005,6346758.11666306,555302.249343384,999.575545926048,6346758.7319126,555302.432988159,1000.10090298151
55.9000000000005,6346758.11072596,555303.259087009,999.589556198605,6346758.49091035,555303.186268671,999.916769304734
56.0000000000005,6346758.80077683,555303.446253206,999.369687553042,6346758.65627942,555303.427503004,999.245769498913
56.1000000000005,6346760.09419004,555302.446845056,999.454441611629,6346759.26112175,555302.538800712,998.742391024912
56.2000000000005,6346760.29390732,555303.238549653,999.498178504784,6346759.67779207,555303.190553347,998.971329413708
56.3000000000005,6346759.37118904,555304.134529437,999.371106514485,6346759.52965771,555304.056602352,999.506647532168
56.4000000000005,6346760.36657978,555305.123730331,999.219859848686,6346759.91426184,555305.04288701,998.834529045616
56.5000000000005,6346759.21003831,555305.075960851,999.155113378172,6346759.59421997,555305.06902262,999.482524250905
56.6000000000005,6346758.74623091,555305.937860509,999.199137128769,6346759.24409208,555305.85969059,999.625795398518
56.7000000000005,6346760.55763459,555305.590236125,999.233004141068,6346759.83057043,555305.622221961,998.61260330128
56.8000000000005,6346760.09152656,555307.466489694,999.246281668841,6346759.92815959,555307.318836689,999.1089334361
56.9000000000005,6346758.81297688,555308.005557783,999.33646431711,6346759.43403416,555307.941268576,999.868058247098
57.0000000000005,6346757.91304717,555308.934490928,999.514101240759,6346758.79613069,555308.842991845,1000.26849025516
57.1000000000005,6346759.18702252,555308.893275626,999.581786080474,6346759.0010572,555308.892177841,999.42453324497
57.2000000000005,6346758.90245685,555310.083618225,999.680682989149,6346758.95992946,555309.983580802,999.729075298498
57.3000000000005,6346759.53669023,555309.625858711,999.577345299257,6346759.20656809,555309.660703322,999.2925810672
57.4000000000005,6346759.25425084,555309.789218524,999.5925247635,6346759.21148404,555309.780907026,999.556154096795
57.5000000000005,6346759.90827454,555309.996769759,999.525013280848,6346759.51604443,555309.986178481,999.191658143113
57.6000000000005,6346759.89764447,555311.07145512,999.479726892584,6346759.67300979,555310.983994623,999.288648699351
57.7000000000005,6346761.84759825,555312.006431895,999.337762722269,6346760.62155192,555311.937545519,998.290258250855
57.8000000000006,6346763.04316326,555311.984893756,999.375242316332,6346761.61928634,555312.001714776,998.15593432467
57.9000000000006,6346763.33347395,555312.006638049,999.442031229813,6346762.29859937,555312.017122552,998.557158358384
58.0000000000006,6346761.58951459,555312.750368004,999.371687077388,6346761.96154366,555312.683900463,999.689118366428
58.1000000000006,6346761.29542544,555311.113590591,999.464007795255,6346761.66758341,555311.236186714,999.780254470941
58.2000000000006,6346761.35507159,555311.087748112,999.502689729912,6346761.54144464,555311.096654016,999.663843604539
58.3000000000006,6346761.46656754,555309.208909631,999.407282365553,6346761.50525005,555309.362283752,999.43892825869
58.4000000000006,6346759.94516058,555310.395409755,999.448952178847,6346760.82855402,555310.297211401,1000.20542429062
58.5000000000006,6346760.85619625,555310.608459572,999.364390458574,6346760.88157079,555310.579468977,999.388176506276
58.6000000000006,6346761.46226595,555311.189150624,999.457381505671,6346761.13187145,555311.142829656,999.173758654264
58.7000000000006,6346760.84700637,555310.749110111,999.62978564934,6346760.98046502,555310.779719058,999.74130121009
58.8000000000006,6346762.40035563,555310.880612801,999.944541374043,6346761.59079331,555310.886365909,999.251061991659
58.9000000000006,6346762.70576421,555309.988056936,999.925831024229,6346762.0397515,555310.068759719,999.353988313113
59.0000000000006,6346763.81077244,555308.844099989,1000.0042242102,6346762.770813,555308.956646283,999.111661205155
59.1000000000006,6346763.10997289,555309.009081547,999.955631030521,6346762.8784268,555309.007328389,999.75814057037
59.2000000000006,6346762.5492324,555308.193012328,999.928903134841,6346762.71941013,555308.258313912,1000.07306963082
59.3000000000006,6346760.98236347,555307.426638201,1000.03111960157,6346761.96373384,555307.483956805,1000.87100251639
59.4000000000006,6346761.38577916,555307.239807327,999.823555667022,6346761.75691483,555307.255069907,1000.14449732578
59.5000000000006,6346760.77770036,555306.551340982,999.754828733169,6346761.34476634,555306.602761703,1000.24155348233
59.6000000000006,6346760.0824141,555306.549986666,999.678985684665,6346760.81994601,555306.546378884,1000.3086658025
59.7000000000006,6346759.62089103,555306.879773521,999.677924449967,6346760.32760641,555306.843618126,1000.2832111604
59.8000000000006,6346760.91926547,555306.34052494,999.663682704086,6346760.60806229,555306.386627063,999.397153676653
59.9000000000006,6346761.40115189,555306.06245967,999.648073333942,6346760.94592059,555306.09357994,999.259013825684
