t (s),x_rec (m),y_rec (m),ctr (m),x_sat_1 (m),y_sat_1 (m),R_1 (m),x_sat_2 (m),y_sat_2 (m),R_2 (m),x_sat_3 (m),y_sat_3 (m),R_3 (m),x_sat_4 (m),y_sat_4 (m),R_4 (m)
0,6.371e+06,0,3e+08,2.5e+07,0,3.186e+08,2.5e+07,0,3.186e+08,2.5e+07,0,3.186e+08,2.5e+07,0,3.186e+08
10,6.371e+06,0,3e+08,2.5e+07,2.175e+04,3.186e+08,2.462e+07,4.363e+06,3.188e+08,2.348e+07,8.571e+06,3.191e+08,2.164e+07,1.252e+07,3.197e+08
20,6.371e+06,0,3e+08,2.5e+07,4.35e+04,3.186e+08,2.461e+07,4.384e+06,3.188e+08,2.348e+07,8.591e+06,3.191e+08,2.163e+07,1.254e+07,3.197e+08
30,6.371e+06,0,3e+08,2.5e+07,6.525e+04,3.186e+08,2.461e+07,4.405e+06,3.188e+08,2.347e+07,8.612e+06,3.191e+08,2.162e+07,1.256e+07,3.198e+08
40,6.371e+06,0,3e+08,2.5e+07,8.7e+04,3.186e+08,2.46e+07,4.427e+06,3.188e+08,2.346e+07,8.632e+06,3.191e+08,2.161e+07,1.258e+07,3.198e+08
50,6.371e+06,0,3e+08,2.5e+07,1.087e+05,3.186e+08,2.46e+07,4.448e+06,3.188e+08,2.345e+07,8.653e+06,3.192e+08,2.16e+07,1.259e+07,3.198e+08
60,6.371e+06,0,3e+08,2.5e+07,1.305e+05,3.186e+08,2.46e+07,4.47e+06,3.188e+08,2.345e+07,8.673e+06,3.192e+08,2.159e+07,1.261e+07,3.198e+08
70,6.371e+06,0,3e+08,2.5e+07,1.522e+05,3.186e+08,2.459e+07,4.491e+06,3.188e+08,2.344e+07,8.693e+06,3.192e+08,2.157e+07,1.263e+07,3.198e+08
80,6.371e+06,0,3e+08,2.5e+07,1.74e+05,3.186e+08,2.459e+07,4.512e+06,3.188e+08,2.343e+07,8.714e+06,3.192e+08,2.156e+07,1.265e+07,3.198e+08
90,6.371e+06,0,3e+08,2.5e+07,1.957e+05,3.186e+08,2.459e+07,4.534e+06,3.188e+08,2.342e+07,8.734e+06,3.192e+08,2.155e+07,1.267e+07,3.198e+08
100,6.371e+06,0,3e+08,2.5e+07,2.175e+05,3.186e+08,2.458e+07,4.555e+06,3.188e+08,2.342e+07,8.755e+06,3.192e+08,2.154e+07,1.269e+07,3.198e+08
110,6.371e+06,0,3e+08,2.5e+07,2.392e+05,3.186e+08,2.458e+07,4.577e+06,3.188e+08,2.341e+07,8.775e+06,3.192e+08,2.153e+07,1.271e+07,3.198e+08
120,6.371e+06,0,3e+08,2.5e+07,2.61e+05,3.186e+08,2.457e+07,4.598e+06,3.188e+08,2.34e+07,8.795e+06,3.192e+08,2.152e+07,1.273e+07,3.198e+08
130,6.371e+06,0,3e+08,2.5e+07,2.827e+05,3.186e+08,2.457e+07,4.619e+06,3.188e+08,2.339e+07,8.816e+06,3.192e+08,2.151e+07,1.274e+07,3.198e+08
140,6.371e+06,0,3e+08,2.5e+07,3.045e+05,3.186e+08,2.457e+07,4.641e+06,3.188e+08,2.339e+07,8.836e+06,3.192e+08,2.15e+07,1.276e+07,3.198e+08
150,6.371e+06,0,3e+08,2.5e+07,3.262e+05,3.186e+08,2.456e+07,4.662e+06,3.188e+08,2.338e+07,8.856e+06,3.192e+08,2.149e+07,1.278e+07,3.198e+08
160,6.371e+06,0,3e+08,2.5e+07,3.48e+05,3.186e+08,2.456e+07,4.683e+06,3.188e+08,2.337e+07,8.877e+06,3.192e+08,2.147e+07,1.28e+07,3.198e+08
170,6.371e+06,0,3e+08,2.5e+07,3.697e+05,3.186e+08,2.455e+07,4.705e+06,3.188e+08,2.336e+07,8.897e+06,3.192e+08,2.146e+07,1.282e+07,3.198e+08
180,6.371e+06,0,3e+08,2.5e+07,3.915e+05,3.186e+08,2.455e+07,4.726e+06,3.188e+08,2.336e+07,8.917e+06,3.192e+08,2.145e+07,1.284e+07,3.198e+08
190,6.371e+06,0,3e+08,2.5e+07,4.132e+05,3.186e+08,2.455e+07,4.748e+06,3.188e+08,2.335e+07,8.938e+06,3.192e+08,2.144e+07,1.286e+07,3.198e+08
200,6.371e+06,0,3e+08,2.5e+07,4.35e+05,3.186e+08,2.454e+07,4.769e+06,3.188e+08,2.334e+07,8.958e+06,3.192e+08,2.143e+07,1.287e+07,3.198e+08
210,6.371e+06,0,3e+08,2.5e+07,4.567e+05,3.186e+08,2.454e+07,4.79e+06,3.188e+08,2.333e+07,8.978e+06,3.192e+08,2.142e+07,1.289e+07,3.198e+08
220,6.371e+06,0,3e+08,2.5e+07,4.785e+05,3.186e+08,2.453e+07,4.812e+06,3.188e+08,2.332e+07,8.999e+06,3.192e+08,2.141e+07,1.291e+07,3.198e+08
230,6.371e+06,0,3e+08,2.499e+07,5.002e+05,3.186e+08,2.453e+07,4.833e+06,3.188e+08,2.332e+07,9.019e+06,3.192e+08,2.14e+07,1.293e+07,3.198e+08
240,6.371e+06,0,3e+08,2.499e+07,5.219e+05,3.186e+08,2.452e+07,4.854e+06,3.188e+08,2.331e+07,9.039e+06,3.192e+08,2.138e+07,1.295e+07,3.198e+08
250,6.371e+06,0,3e+08,2.499e+07,5.437e+05,3.186e+08,2.452e+07,4.876e+06,3.188e+08,2.33e+07,9.059e+06,3.192e+08,2.137e+07,1.297e+07,3.198e+08
260,6.371e+06,0,3e+08,2.499e+07,5.654e+05,3.186e+08,2.452e+07,4.897e+06,3.188e+08,2.329e+07,9.08e+06,3.192e+08,2.136e+07,1.299e+07,3.198e+08
270,6.371e+06,0,3e+08,2.499e+07,5.872e+05,3.186e+08,2.451e+07,4.918e+06,3.188e+08,2.329e+07,9.1e+06,3.192e+08,2.135e+07,1.301e+07,3.198e+08
280,6.371e+06,0,3e+08,2.499e+07,6.089e+05,3.186e+08,2.451e+07,4.94e+06,3.188e+08,2.328e+07,9.12e+06,3.192e+08,2.134e+07,1.302e+07,3.198e+08
290,6.371e+06,0,3e+08,2.499e+07,6.307e+05,3.186e+08,2.45e+07,4.961e+06,3.188e+08,2.327e+07,9.14e+06,3.192e+08,2.133e+07,1.304e+07,3.198e+08
300,6.371e+06,0,3e+08,2.499e+07,6.524e+05,3.186e+08,2.45e+07,4.982e+06,3.188e+08,2.326e+07,9.161e+06,3.192e+08,2.132e+07,1.306e+07,3.198e+08
310,6.371e+06,0,3e+08,2.499e+07,6.742e+05,3.186e+08,2.449e+07,5.004e+06,3.188e+08,2.325e+07,9.181e+06,3.192e+08,2.131e+07,1.308e+07,3.199e+08
320,6.371e+06,0,3e+08,2.499e+07,6.959e+05,3.186e+08,2.449e+07,5.025e+06,3.188e+08,2.325e+07,9.201e+06,3.192e+08,2.129e+07,1.31e+07,3.199e+08
330,6.371e+06,0,3e+08,2.499e+07,7.176e+05,3.186e+08,2.449e+07,5.046e+06,3.188e+08,2.324e+07,9.221e+06,3.192e+08,2.128e+07,1.312e+07,3.199e+08
340,6.371e+06,0,3e+08,2.499e+07,7.394e+05,3.186e+08,2.448e+07,5.067e+06,3.188e+08,2.323e+07,9.242e+06,3.192e+08,2.127e+07,1.313e+07,3.199e+08
350,6.371e+06,0,3e+08,2.499e+07,7.611e+05,3.186e+08,2.448e+07,5.089e+06,3.188e+08,2.322e+07,9.262e+06,3.192e+08,2.126e+07,1.315e+07,3.199e+08
360,6.371e+06,0,3e+08,2.499e+07,7.829e+05,3.186e+08,2.447e+07,5.11e+06,3.188e+08,2.321e+07,9.282e+06,3.192e+08,2.125e+07,1.317e+07,3.199e+08
370,6.371e+06,0,3e+08,2.499e+07,8.046e+05,3.186e+08,2.447e+07,5.131e+06,3.188e+08,2.32e+07,9.302e+06,3.192e+08,2.124e+07,1.319e+07,3.199e+08
380,6.371e+06,0,3e+08,2.499e+07,8.263e+05,3.186e+08,2.446e+07,5.153e+06,3.188e+08,2.32e+07,9.322e+06,3.192e+08,2.123e+07,1.321e+07,3.199e+08
390,6.371e+06,0,3e+08,2.499e+07,8.481e+05,3.186e+08,2.446e+07,5.174e+06,3.188e+08,2.319e+07,9.343e+06,3.192e+08,2.121e+07,1.323e+07,3.199e+08
400,6.371e+06,0,3e+08,2.498e+07,8.698e+05,3.186e+08,2.445e+07,5.195e+06,3.188e+08,2.318e+07,9.363e+06,3.192e+08,2.12e+07,1.325e+07,3.199e+08
410,6.371e+06,0,3e+08,2.498e+07,8.915e+05,3.186e+08,2.445e+07,5.216e+06,3.188e+08,2.317e+07,9.383e+06,3.192e+08,2.119e+07,1.326e+07,3.199e+08
420,6.371e+06,0,3e+08,2.498e+07,9.133e+05,3.186e+08,2.445e+07,5.238e+06,3.188e+08,2.316e+07,9.403e+06,3.192e+08,2.118e+07,1.328e+07,3.199e+08
430,6.371e+06,0,3e+08,2.498e+07,9.35e+05,3.186e+08,2.444e+07,5.259e+06,3.188e+08,2.316e+07,9.423e+06,3.192e+08,2.117e+07,1.33e+07,3.199e+08
440,6.371e+06,0,3e+08,2.498e+07,9.567e+05,3.186e+08,2.444e+07,5.28e+06,3.188e+08,2.315e+07,9.443e+06,3.193e+08,2.116e+07,1.332e+07,3.199e+08
450,6.371e+06,0,3e+08,2.498e+07,9.785e+05,3.186e+08,2.443e+07,5.301e+06,3.188e+08,2.314e+07,9.463e+06,3.193e+08,2.114e+07,1.334e+07,3.199e+08
460,6.371e+06,0,3e+08,2.498e+07,1e+06,3.186e+08,2.443e+07,5.323e+06,3.188e+08,2.313e+07,9.484e+06,3.193e+08,2.113e+07,1.336e+07,3.199e+08
470,6.371e+06,0,3e+08,2.498e+07,1.022e+06,3.186e+08,2.442e+07,5.344e+06,3.188e+08,2.312e+07,9.504e+06,3.193e+08,2.112e+07,1.337e+07,3.199e+08
480,6.371e+06,0,3e+08,2.498e+07,1.044e+06,3.186e+08,2.442e+07,5.365e+06,3.188e+08,2.311e+07,9.524e+06,3.193e+08,2.111e+07,1.339e+07,3.199e+08
490,6.371e+06,0,3e+08,2.498e+07,1.065e+06,3.186e+08,2.441e+07,5.386e+06,3.188e+08,2.311e+07,9.544e+06,3.193e+08,2.11e+07,1.341e+07,3.199e+08
500,6.371e+06,0,3e+08,2.498e+07,1.087e+06,3.186e+08,2.441e+07,5.408e+06,3.188e+08,2.31e+07,9.564e+06,3.193e+08,2.109e+07,1.343e+07,3.199e+08
510,6.371e+06,0,3e+08,2.498e+07,1.109e+06,3.186e+08,2.44e+07,5.429e+06,3.188e+08,2.309e+07,9.584e+06,3.193e+08,2.107e+07,1.345e+07,3.199e+08
520,6.371e+06,0,3e+08,2.497e+07,1.131e+06,3.186e+08,2.44e+07,5.45e+06,3.188e+08,2.308e+07,9.604e+06,3.193e+08,2.106e+07,1.347e+07,3.199e+08
530,6.371e+06,0,3e+08,2.497e+07,1.152e+06,3.186e+08,2.439e+07,5.471e+06,3.188e+08,2.307e+07,9.624e+06,3.193e+08,2.105e+07,1.348e+07,3.199e+08
540,6.371e+06,0,3e+08,2.497e+07,1.174e+06,3.186e+08,2.439e+07,5.493e+06,3.188e+08,2.306e+07,9.644e+06,3.193e+08,2.104e+07,1.35e+07,3.199e+08
550,6.371e+06,0,3e+08,2.497e+07,1.196e+06,3.186e+08,2.438e+07,5.514e+06,3.188e+08,2.306e+07,9.664e+06,3.193e+08,2.103e+07,1.352e+07,3.199e+08
560,6.371e+06,0,3e+08,2.497e+07,1.217e+06,3.186e+08,2.438e+07,5.535e+06,3.188e+08,2.305e+07,9.684e+06,3.193e+08,2.102e+07,1.354e+07,3.199e+08
570,6.371e+06,0,3e+08,2.497e+07,1.239e+06,3.186e+08,2.437e+07,5.556e+06,3.188e+08,2.304e+07,9.704e+06,3.193e+08,2.1e+07,1.356e+07,3.199e+08
580,6.371e+06,0,3e+08,2.497e+07,1.261e+06,3.186e+08,2.437e+07,5.577e+06,3.188e+08,2.303e+07,9.725e+06,3.193e+08,2.099e+07,1.358e+07,3.2e+08
590,6.371e+06,0,3e+08,2.497e+07,1.283e+06,3.186e+08,2.437e+07,5.599e+06,3.188e+08,2.302e+07,9.745e+06,3.193e+08,2.098e+07,1.359e+07,3.2e+08
600,6.371e+06,0,3e+08,2.497e+07,1.304e+06,3.186e+08,2.436e+07,5.62e+06,3.188e+08,2.301e+07,9.765e+06,3.193e+08,2.097e+07,1.361e+07,3.2e+08
610,6.371e+06,0,3e+08,2.496e+07,1.326e+06,3.186e+08,2.436e+07,5.641e+06,3.188e+08,2.301e+07,9.785e+06,3.193e+08,2.096e+07,1.363e+07,3.2e+08
620,6.371e+06,0,3e+08,2.496e+07,1.348e+06,3.186e+08,2.435e+07,5.662e+06,3.188e+08,2.3e+07,9.805e+06,3.193e+08,2.095e+07,1.365e+07,3.2e+08
630,6.371e+06,0,3e+08,2.496e+07,1.37e+06,3.186e+08,2.435e+07,5.683e+06,3.189e+08,2.299e+07,9.825e+06,3.193e+08,2.093e+07,1.367e+07,3.2e+08
640,6.371e+06,0,3e+08,2.496e+07,1.391e+06,3.186e+08,2.434e+07,5.705e+06,3.189e+08,2.298e+07,9.845e+06,3.193e+08,2.092e+07,1.369e+07,3.2e+08
650,6.371e+06,0,3e+08,2.496e+07,1.413e+06,3.186e+08,2.434e+07,5.726e+06,3.189e+08,2.297e+07,9.865e+06,3.193e+08,2.091e+07,1.37e+07,3.2e+08
660,6.371e+06,0,3e+08,2.496e+07,1.435e+06,3.186e+08,2.433e+07,5.747e+06,3.189e+08,2.296e+07,9.885e+06,3.193e+08,2.09e+07,1.372e+07,3.2e+08
670,6.371e+06,0,3e+08,2.496e+07,1.456e+06,3.186e+08,2.433e+07,5.768e+06,3.189e+08,2.295e+07,9.905e+06,3.193e+08,2.089e+07,1.374e+07,3.2e+08
680,6.371e+06,0,3e+08,2.496e+07,1.478e+06,3.186e+08,2.432e+07,5.789e+06,3.189e+08,2.295e+07,9.925e+06,3.193e+08,2.087e+07,1.376e+07,3.2e+08
690,6.371e+06,0,3e+08,2.495e+07,1.5e+06,3.186e+08,2.432e+07,5.81e+06,3.189e+08,2.294e+07,9.944e+06,3.193e+08,2.086e+07,1.378e+07,3.2e+08
700,6.371e+06,0,3e+08,2.495e+07,1.522e+06,3.186e+08,2.431e+07,5.832e+06,3.189e+08,2.293e+07,9.964e+06,3.193e+08,2.085e+07,1.379e+07,3.2e+08
710,6.371e+06,0,3e+08,2.495e+07,1.543e+06,3.186e+08,2.431e+07,5.853e+06,3.189e+08,2.292e+07,9.984e+06,3.193e+08,2.084e+07,1.381e+07,3.2e+08
720,6.371e+06,0,3e+08,2.495e+07,1.565e+06,3.186e+08,2.43e+07,5.874e+06,3.189e+08,2.291e+07,1e+07,3.193e+08,2.083e+07,1.383e+07,3.2e+08
730,6.371e+06,0,3e+08,2.495e+07,1.587e+06,3.186e+08,2.43e+07,5.895e+06,3.189e+08,2.29e+07,1.002e+07,3.193e+08,2.081e+07,1.385e+07,3.2e+08
740,6.371e+06,0,3e+08,2.495e+07,1.608e+06,3.186e+08,2.429e+07,5.916e+06,3.189e+08,2.289e+07,1.004e+07,3.193e+08,2.08e+07,1.387e+07,3.2e+08
750,6.371e+06,0,3e+08,2.495e+07,1.63e+06,3.186e+08,2.428e+07,5.937e+06,3.189e+08,2.288e+07,1.006e+07,3.193e+08,2.079e+07,1.389e+07,3.2e+08
760,6.371e+06,0,3e+08,2.495e+07,1.652e+06,3.186e+08,2.428e+07,5.958e+06,3.189e+08,2.288e+07,1.008e+07,3.193e+08,2.078e+07,1.39e+07,3.2e+08
770,6.371e+06,0,3e+08,2.494e+07,1.673e+06,3.186e+08,2.427e+07,5.979e+06,3.189e+08,2.287e+07,1.01e+07,3.193e+08,2.077e+07,1.392e+07,3.2e+08
780,6.371e+06,0,3e+08,2.494e+07,1.695e+06,3.186e+08,2.427e+07,6.001e+06,3.189e+08,2.286e+07,1.012e+07,3.193e+08,2.075e+07,1.394e+07,3.2e+08
790,6.371e+06,0,3e+08,2.494e+07,1.717e+06,3.186e+08,2.426e+07,6.022e+06,3.189e+08,2.285e+07,1.014e+07,3.194e+08,2.074e+07,1.396e+07,3.2e+08
800,6.371e+06,0,3e+08,2.494e+07,1.739e+06,3.186e+08,2.426e+07,6.043e+06,3.189e+08,2.284e+07,1.016e+07,3.194e+08,2.073e+07,1.398e+07,3.2e+08
810,6.371e+06,0,3e+08,2.494e+07,1.76e+06,3.187e+08,2.425e+07,6.064e+06,3.189e+08,2.283e+07,1.018e+07,3.194e+08,2.072e+07,1.399e+07,3.2e+08
820,6.371e+06,0,3e+08,2.494e+07,1.782e+06,3.187e+08,2.425e+07,6.085e+06,3.189e+08,2.282e+07,1.02e+07,3.194e+08,2.07e+07,1.401e+07,3.2e+08
830,6.371e+06,0,3e+08,2.493e+07,1.804e+06,3.187e+08,2.424e+07,6.106e+06,3.189e+08,2.281e+07,1.022e+07,3.194e+08,2.069e+07,1.403e+07,3.2e+08
840,6.371e+06,0,3e+08,2.493e+07,1.825e+06,3.187e+08,2.424e+07,6.127e+06,3.189e+08,2.281e+07,1.024e+07,3.194e+08,2.068e+07,1.405e+07,3.201e+08
850,6.371e+06,0,3e+08,2.493e+07,1.847e+06,3.187e+08,2.423e+07,6.148e+06,3.189e+08,2.28e+07,1.026e+07,3.194e+08,2.067e+07,1.407e+07,3.201e+08
860,6.371e+06,0,3e+08,2.493e+07,1.869e+06,3.187e+08,2.423e+07,6.169e+06,3.189e+08,2.279e+07,1.028e+07,3.194e+08,2.066e+07,1.408e+07,3.201e+08
870,6.371e+06,0,3e+08,2.493e+07,1.89e+06,3.187e+08,2.422e+07,6.19e+06,3.189e+08,2.278e+07,1.03e+07,3.194e+08,2.064e+07,1.41e+07,3.201e+08
880,6.371e+06,0,3e+08,2.493e+07,1.912e+06,3.187e+08,2.422e+07,6.212e+06,3.189e+08,2.277e+07,1.032e+07,3.194e+08,2.063e+07,1.412e+07,3.201e+08
890,6.371e+06,0,3e+08,2.493e+07,1.934e+06,3.187e+08,2.421e+07,6.233e+06,3.189e+08,2.276e+07,1.034e+07,3.194e+08,2.062e+07,1.414e+07,3.201e+08
900,6.371e+06,0,3e+08,2.492e+07,1.955e+06,3.187e+08,2.421e+07,6.254e+06,3.189e+08,2.275e+07,1.036e+07,3.194e+08,2.061e+07,1.416e+07,3.201e+08
910,6.371e+06,0,3e+08,2.492e+07,1.977e+06,3.187e+08,2.42e+07,6.275e+06,3.189e+08,2.274e+07,1.038e+07,3.194e+08,2.059e+07,1.417e+07,3.201e+08
920,6.371e+06,0,3e+08,2.492e+07,1.999e+06,3.187e+08,2.419e+07,6.296e+06,3.189e+08,2.273e+07,1.04e+07,3.194e+08,2.058e+07,1.419e+07,3.201e+08
930,6.371e+06,0,3e+08,2.492e+07,2.02e+06,3.187e+08,2.419e+07,6.317e+06,3.189e+08,2.272e+07,1.042e+07,3.194e+08,2.057e+07,1.421e+07,3.201e+08
940,6.371e+06,0,3e+08,2.492e+07,2.042e+06,3.187e+08,2.418e+07,6.338e+06,3.189e+08,2.272e+07,1.044e+07,3.194e+08,2.056e+07,1.423e+07,3.201e+08
950,6.371e+06,0,3e+08,2.491e+07,2.064e+06,3.187e+08,2.418e+07,6.359e+06,3.189e+08,2.271e+07,1.046e+07,3.194e+08,2.054e+07,1.424e+07,3.201e+08
960,6.371e+06,0,3e+08,2.491e+07,2.086e+06,3.187e+08,2.417e+07,6.38e+06,3.189e+08,2.27e+07,1.048e+07,3.194e+08,2.053e+07,1.426e+07,3.201e+08
970,6.371e+06,0,3e+08,2.491e+07,2.107e+06,3.187e+08,2.417e+07,6.401e+06,3.189e+08,2.269e+07,1.05e+07,3.194e+08,2.052e+07,1.428e+07,3.201e+08
980,6.371e+06,0,3e+08,2.491e+07,2.129e+06,3.187e+08,2.416e+07,6.422e+06,3.189e+08,2.268e+07,1.052e+07,3.194e+08,2.051e+07,1.43e+07,3.201e+08
990,6.371e+06,0,3e+08,2.491e+07,2.151e+06,3.187e+08,2.416e+07,6.443e+06,3.189e+08,2.267e+07,1.054e+07,3.194e+08,2.05e+07,1.432e+07,3.201e+08
1000,6.371e+06,0,3e+08,2.491e+07,2.172e+06,3.187e+08,2.415e+07,6.464e+06,3.189e+08,2.266e+07,1.056e+07,3.194e+08,2.048e+07,1.433e+07,3.201e+08
1010,6.371e+06,0,3e+08,2.49e+07,2.194e+06,3.187e+08,2.414e+07,6.485e+06,3.189e+08,2.265e+07,1.058e+07,3.194e+08,2.047e+07,1.435e+07,3.201e+08
1020,6.371e+06,0,3e+08,2.49e+07,2.216e+06,3.187e+08,2.414e+07,6.506e+06,3.189e+08,2.264e+07,1.06e+07,3.194e+08,2.046e+07,1.437e+07,3.201e+08
1030,6.371e+06,0,3e+08,2.49e+07,2.237e+06,3.187e+08,2.413e+07,6.527e+06,3.189e+08,2.263e+07,1.062e+07,3.194e+08,2.045e+07,1.439e+07,3.201e+08
1040,6.371e+06,0,3e+08,2.49e+07,2.259e+06,3.187e+08,2.413e+07,6.548e+06,3.189e+08,2.262e+07,1.064e+07,3.194e+08,2.043e+07,1.441e+07,3.201e+08
1050,6.371e+06,0,3e+08,2.49e+07,2.281e+06,3.187e+08,2.412e+07,6.569e+06,3.189e+08,2.261e+07,1.066e+07,3.194e+08,2.042e+07,1.442e+07,3.201e+08
1060,6.371e+06,0,3e+08,2.489e+07,2.302e+06,3.187e+08,2.412e+07,6.59e+06,3.189e+08,2.261e+07,1.068e+07,3.194e+08,2.041e+07,1.444e+07,3.201e+08
1070,6.371e+06,0,3e+08,2.489e+07,2.324e+06,3.187e+08,2.411e+07,6.611e+06,3.189e+08,2.26e+07,1.07e+07,3.194e+08,2.039e+07,1.446e+07,3.201e+08
1080,6.371e+06,0,3e+08,2.489e+07,2.345e+06,3.187e+08,2.41e+07,6.632e+06,3.189e+08,2.259e+07,1.072e+07,3.194e+08,2.038e+07,1.448e+07,3.201e+08
1090,6.371e+06,0,3e+08,2.489e+07,2.367e+06,3.187e+08,2.41e+07,6.653e+06,3.189e+08,2.258e+07,1.074e+07,3.194e+08,2.037e+07,1.449e+07,3.202e+08
1100,6.371e+06,0,3e+08,2.489e+07,2.389e+06,3.187e+08,2.409e+07,6.674e+06,3.189e+08,2.257e+07,1.076e+07,3.194e+08,2.036e+07,1.451e+07,3.202e+08
1110,6.371e+06,0,3e+08,2.488e+07,2.41e+06,3.187e+08,2.409e+07,6.695e+06,3.189e+08,2.256e+07,1.078e+07,3.194e+08,2.034e+07,1.453e+07,3.202e+08
1120,6.371e+06,0,3e+08,2.488e+07,2.432e+06,3.187e+08,2.408e+07,6.716e+06,3.189e+08,2.255e+07,1.08e+07,3.194e+08,2.033e+07,1.455e+07,3.202e+08
1130,6.371e+06,0,3e+08,2.488e+07,2.454e+06,3.187e+08,2.408e+07,6.737e+06,3.189e+08,2.254e+07,1.081e+07,3.195e+08,2.032e+07,1.456e+07,3.202e+08
1140,6.371e+06,0,3e+08,2.488e+07,2.475e+06,3.187e+08,2.407e+07,6.758e+06,3.189e+08,2.253e+07,1.083e+07,3.195e+08,2.031e+07,1.458e+07,3.202e+08
1150,6.371e+06,0,3e+08,2.487e+07,2.497e+06,3.187e+08,2.406e+07,6.779e+06,3.189e+08,2.252e+07,1.085e+07,3.195e+08,2.029e+07,1.46e+07,3.202e+08
1160,6.371e+06,0,3e+08,2.487e+07,2.519e+06,3.187e+08,2.406e+07,6.8e+06,3.189e+08,2.251e+07,1.087e+07,3.195e+08,2.028e+07,1.462e+07,3.202e+08
1170,6.371e+06,0,3e+08,2.487e+07,2.54e+06,3.187e+08,2.405e+07,6.82e+06,3.19e+08,2.25e+07,1.089e+07,3.195e+08,2.027e+07,1.464e+07,3.202e+08
1180,6.371e+06,0,3e+08,2.487e+07,2.562e+06,3.187e+08,2.405e+07,6.841e+06,3.19e+08,2.249e+07,1.091e+07,3.195e+08,2.026e+07,1.465e+07,3.202e+08
1190,6.371e+06,0,3e+08,2.487e+07,2.584e+06,3.187e+08,2.404e+07,6.862e+06,3.19e+08,2.248e+07,1.093e+07,3.195e+08,2.024e+07,1.467e+07,3.202e+08
1200,6.371e+06,0,3e+08,2.486e+07,2.605e+06,3.187e+08,2.403e+07,6.883e+06,3.19e+08,2.247e+07,1.095e+07,3.195e+08,2.023e+07,1.469e+07,3.202e+08
1210,6.371e+06,0,3e+08,2.486e+07,2.627e+06,3.187e+08,2.403e+07,6.904e+06,3.19e+08,2.246e+07,1.097e+07,3.195e+08,2.022e+07,1.471e+07,3.202e+08
1220,6.371e+06,0,3e+08,2.486e+07,2.648e+06,3.187e+08,2.402e+07,6.925e+06,3.19e+08,2.245e+07,1.099e+07,3.195e+08,2.02e+07,1.472e+07,3.202e+08
1230,6.371e+06,0,3e+08,2.486e+07,2.67e+06,3.187e+08,2.402e+07,6.946e+06,3.19e+08,2.244e+07,1.101e+07,3.195e+08,2.019e+07,1.474e+07,3.202e+08
1240,6.371e+06,0,3e+08,2.485e+07,2.692e+06,3.187e+08,2.401e+07,6.967e+06,3.19e+08,2.244e+07,1.103e+07,3.195e+08,2.018e+07,1.476e+07,3.202e+08
1250,6.371e+06,0,3e+08,2.485e+07,2.713e+06,3.187e+08,2.4e+07,6.988e+06,3.19e+08,2.243e+07,1.105e+07,3.195e+08,2.017e+07,1.478e+07,3.202e+08
1260,6.371e+06,0,3e+08,2.485e+07,2.735e+06,3.187e+08,2.4e+07,7.009e+06,3.19e+08,2.242e+07,1.107e+07,3.195e+08,2.015e+07,1.479e+07,3.202e+08
1270,6.371e+06,0,3e+08,2.485e+07,2.757e+06,3.187e+08,2.399e+07,7.029e+06,3.19e+08,2.241e+07,1.109e+07,3.195e+08,2.014e+07,1.481e+07,3.202e+08
1280,6.371e+06,0,3e+08,2.485e+07,2.778e+06,3.187e+08,2.399e+07,7.05e+06,3.19e+08,2.24e+07,1.111e+07,3.195e+08,2.013e+07,1.483e+07,3.202e+08
1290,6.371e+06,0,3e+08,2.484e+07,2.8e+06,3.187e+08,2.398e+07,7.071e+06,3.19e+08,2.239e+07,1.113e+07,3.195e+08,2.011e+07,1.485e+07,3.202e+08
1300,6.371e+06,0,3e+08,2.484e+07,2.821e+06,3.187e+08,2.397e+07,7.092e+06,3.19e+08,2.238e+07,1.115e+07,3.195e+08,2.01e+07,1.486e+07,3.202e+08
1310,6.371e+06,0,3e+08,2.484e+07,2.843e+06,3.187e+08,2.397e+07,7.113e+06,3.19e+08,2.237e+07,1.117e+07,3.195e+08,2.009e+07,1.488e+07,3.202e+08
1320,6.371e+06,0,3e+08,2.484e+07,2.865e+06,3.187e+08,2.396e+07,7.134e+06,3.19e+08,2.236e+07,1.119e+07,3.195e+08,2.008e+07,1.49e+07,3.202e+08
1330,6.371e+06,0,3e+08,2.483e+07,2.886e+06,3.187e+08,2.395e+07,7.155e+06,3.19e+08,2.235e+07,1.121e+07,3.195e+08,2.006e+07,1.492e+07,3.202e+08
1340,6.371e+06,0,3e+08,2.483e+07,2.908e+06,3.187e+08,2.395e+07,7.175e+06,3.19e+08,2.234e+07,1.122e+07,3.195e+08,2.005e+07,1.493e+07,3.203e+08
1350,6.371e+06,0,3e+08,2.483e+07,2.929e+06,3.187e+08,2.394e+07,7.196e+06,3.19e+08,2.233e+07,1.124e+07,3.195e+08,2.004e+07,1.495e+07,3.203e+08
1360,6.371e+06,0,3e+08,2.483e+07,2.951e+06,3.187e+08,2.394e+07,7.217e+06,3.19e+08,2.232e+07,1.126e+07,3.195e+08,2.002e+07,1.497e+07,3.203e+08
1370,6.371e+06,0,3e+08,2.482e+07,2.973e+06,3.187e+08,2.393e+07,7.238e+06,3.19e+08,2.231e+07,1.128e+07,3.195e+08,2.001e+07,1.499e+07,3.203e+08
1380,6.371e+06,0,3e+08,2.482e+07,2.994e+06,3.187e+08,2.392e+07,7.259e+06,3.19e+08,2.23e+07,1.13e+07,3.195e+08,2e+07,1.5e+07,3.203e+08
1390,6.371e+06,0,3e+08,2.482e+07,3.016e+06,3.187e+08,2.392e+07,7.279e+06,3.19e+08,2.229e+07,1.132e+07,3.195e+08,1.998e+07,1.502e+07,3.203e+08
1400,6.371e+06,0,3e+08,2.481e+07,3.037e+06,3.187e+08,2.391e+07,7.3e+06,3.19e+08,2.228e+07,1.134e+07,3.195e+08,1.997e+07,1.504e+07,3.203e+08
1410,6.371e+06,0,3e+08,2.481e+07,3.059e+06,3.187e+08,2.39e+07,7.321e+06,3.19e+08,2.227e+07,1.136e+07,3.195e+08,1.996e+07,1.506e+07,3.203e+08
1420,6.371e+06,0,3e+08,2.481e+07,3.081e+06,3.187e+08,2.39e+07,7.342e+06,3.19e+08,2.226e+07,1.138e+07,3.195e+08,1.995e+07,1.507e+07,3.203e+08
1430,6.371e+06,0,3e+08,2.481e+07,3.102e+06,3.187e+08,2.389e+07,7.363e+06,3.19e+08,2.225e+07,1.14e+07,3.195e+08,1.993e+07,1.509e+07,3.203e+08
1440,6.371e+06,0,3e+08,2.48e+07,3.124e+06,3.187e+08,2.388e+07,7.383e+06,3.19e+08,2.224e+07,1.142e+07,3.196e+08,1.992e+07,1.511e+07,3.203e+08
1450,6.371e+06,0,3e+08,2.48e+07,3.145e+06,3.187e+08,2.388e+07,7.404e+06,3.19e+08,2.223e+07,1.144e+07,3.196e+08,1.991e+07,1.512e+07,3.203e+08
1460,6.371e+06,0,3e+08,2.48e+07,3.167e+06,3.187e+08,2.387e+07,7.425e+06,3.19e+08,2.222e+07,1.146e+07,3.196e+08,1.989e+07,1.514e+07,3.203e+08
1470,6.371e+06,0,3e+08,2.48e+07,3.188e+06,3.187e+08,2.387e+07,7.446e+06,3.19e+08,2.221e+07,1.148e+07,3.196e+08,1.988e+07,1.516e+07,3.203e+08
1480,6.371e+06,0,3e+08,2.479e+07,3.21e+06,3.187e+08,2.386e+07,7.467e+06,3.19e+08,2.22e+07,1.15e+07,3.196e+08,1.987e+07,1.518e+07,3.203e+08
1490,6.371e+06,0,3e+08,2.479e+07,3.232e+06,3.187e+08,2.385e+07,7.487e+06,3.19e+08,2.219e+07,1.152e+07,3.196e+08,1.985e+07,1.519e+07,3.203e+08
1500,6.371e+06,0,3e+08,2.479e+07,3.253e+06,3.187e+08,2.385e+07,7.508e+06,3.19e+08,2.218e+07,1.153e+07,3.196e+08,1.984e+07,1.521e+07,3.203e+08
1510,6.371e+06,0,3e+08,2.478e+07,3.275e+06,3.187e+08,2.384e+07,7.529e+06,3.19e+08,2.217e+07,1.155e+07,3.196e+08,1.983e+07,1.523e+07,3.203e+08
1520,6.371e+06,0,3e+08,2.478e+07,3.296e+06,3.187e+08,2.383e+07,7.55e+06,3.19e+08,2.216e+07,1.157e+07,3.196e+08,1.981e+07,1.525e+07,3.203e+08
1530,6.371e+06,0,3e+08,2.478e+07,3.318e+06,3.187e+08,2.383e+07,7.57e+06,3.19e+08,2.215e+07,1.159e+07,3.196e+08,1.98e+07,1.526e+07,3.203e+08
1540,6.371e+06,0,3e+08,2.478e+07,3.339e+06,3.187e+08,2.382e+07,7.591e+06,3.19e+08,2.214e+07,1.161e+07,3.196e+08,1.979e+07,1.528e+07,3.203e+08
1550,6.371e+06,0,3e+08,2.477e+07,3.361e+06,3.187e+08,2.381e+07,7.612e+06,3.19e+08,2.213e+07,1.163e+07,3.196e+08,1.977e+07,1.53e+07,3.203e+08
1560,6.371e+06,0,3e+08,2.477e+07,3.383e+06,3.187e+08,2.381e+07,7.632e+06,3.19e+08,2.212e+07,1.165e+07,3.196e+08,1.976e+07,1.531e+07,3.203e+08
1570,6.371e+06,0,3e+08,2.477e+07,3.404e+06,3.187e+08,2.38e+07,7.653e+06,3.19e+08,2.211e+07,1.167e+07,3.196e+08,1.975e+07,1.533e+07,3.203e+08
1580,6.371e+06,0,3e+08,2.476e+07,3.426e+06,3.187e+08,2.379e+07,7.674e+06,3.19e+08,2.21e+07,1.169e+07,3.196e+08,1.973e+07,1.535e+07,3.204e+08
1590,6.371e+06,0,3e+08,2.476e+07,3.447e+06,3.187e+08,2.379e+07,7.695e+06,3.19e+08,2.209e+07,1.171e+07,3.196e+08,1.972e+07,1.537e+07,3.204e+08
1600,6.371e+06,0,3e+08,2.476e+07,3.469e+06,3.187e+08,2.378e+07,7.715e+06,3.19e+08,2.208e+07,1.173e+07,3.196e+08,1.971e+07,1.538e+07,3.204e+08
1610,6.371e+06,0,3e+08,2.476e+07,3.49e+06,3.187e+08,2.377e+07,7.736e+06,3.19e+08,2.207e+07,1.175e+07,3.196e+08,1.969e+07,1.54e+07,3.204e+08
1620,6.371e+06,0,3e+08,2.475e+07,3.512e+06,3.187e+08,2.377e+07,7.757e+06,3.19e+08,2.206e+07,1.177e+07,3.196e+08,1.968e+07,1.542e+07,3.204e+08
1630,6.371e+06,0,3e+08,2.475e+07,3.533e+06,3.187e+08,2.376e+07,7.777e+06,3.19e+08,2.205e+07,1.178e+07,3.196e+08,1.967e+07,1.543e+07,3.204e+08
1640,6.371e+06,0,3e+08,2.475e+07,3.555e+06,3.187e+08,2.375e+07,7.798e+06,3.191e+08,2.204e+07,1.18e+07,3.196e+08,1.965e+07,1.545e+07,3.204e+08
1650,6.371e+06,0,3e+08,2.474e+07,3.576e+06,3.187e+08,2.375e+07,7.819e+06,3.191e+08,2.203e+07,1.182e+07,3.196e+08,1.964e+07,1.547e+07,3.204e+08
1660,6.371e+06,0,3e+08,2.474e+07,3.598e+06,3.187e+08,2.374e+07,7.839e+06,3.191e+08,2.202e+07,1.184e+07,3.196e+08,1.963e+07,1.549e+07,3.204e+08
1670,6.371e+06,0,3e+08,2.474e+07,3.619e+06,3.187e+08,2.373e+07,7.86e+06,3.191e+08,2.201e+07,1.186e+07,3.196e+08,1.961e+07,1.55e+07,3.204e+08
1680,6.371e+06,0,3e+08,2.473e+07,3.641e+06,3.187e+08,2.373e+07,7.881e+06,3.191e+08,2.2e+07,1.188e+07,3.196e+08,1.96e+07,1.552e+07,3.204e+08
1690,6.371e+06,0,3e+08,2.473e+07,3.662e+06,3.187e+08,2.372e+07,7.901e+06,3.191e+08,2.199e+07,1.19e+07,3.196e+08,1.959e+07,1.554e+07,3.204e+08
1700,6.371e+06,0,3e+08,2.473e+07,3.684e+06,3.187e+08,2.371e+07,7.922e+06,3.191e+08,2.198e+07,1.192e+07,3.196e+08,1.957e+07,1.555e+07,3.204e+08
1710,6.371e+06,0,3e+08,2.472e+07,3.705e+06,3.187e+08,2.37e+07,7.942e+06,3.191e+08,2.197e+07,1.194e+07,3.196e+08,1.956e+07,1.557e+07,3.204e+08
1720,6.371e+06,0,3e+08,2.472e+07,3.727e+06,3.187e+08,2.37e+07,7.963e+06,3.191e+08,2.196e+07,1.196e+07,3.196e+08,1.955e+07,1.559e+07,3.204e+08
1730,6.371e+06,0,3e+08,2.472e+07,3.748e+06,3.187e+08,2.369e+07,7.984e+06,3.191e+08,2.194e+07,1.198e+07,3.196e+08,1.953e+07,1.56e+07,3.204e+08
1740,6.371e+06,0,3e+08,2.471e+07,3.77e+06,3.187e+08,2.368e+07,8.004e+06,3.191e+08,2.193e+07,1.2e+07,3.196e+08,1.952e+07,1.562e+07,3.204e+08
1750,6.371e+06,0,3e+08,2.471e+07,3.791e+06,3.187e+08,2.368e+07,8.025e+06,3.191e+08,2.192e+07,1.201e+07,3.197e+08,1.95e+07,1.564e+07,3.204e+08
1760,6.371e+06,0,3e+08,2.471e+07,3.813e+06,3.187e+08,2.367e+07,8.045e+06,3.191e+08,2.191e+07,1.203e+07,3.197e+08,1.949e+07,1.566e+07,3.204e+08
1770,6.371e+06,0,3e+08,2.47e+07,3.834e+06,3.187e+08,2.366e+07,8.066e+06,3.191e+08,2.19e+07,1.205e+07,3.197e+08,1.948e+07,1.567e+07,3.204e+08
1780,6.371e+06,0,3e+08,2.47e+07,3.856e+06,3.187e+08,2.366e+07,8.087e+06,3.191e+08,2.189e+07,1.207e+07,3.197e+08,1.946e+07,1.569e+07,3.204e+08
1790,6.371e+06,0,3e+08,2.47e+07,3.877e+06,3.187e+08,2.365e+07,8.107e+06,3.191e+08,2.188e+07,1.209e+07,3.197e+08,1.945e+07,1.571e+07,3.204e+08
1800,6.371e+06,0,3e+08,2.469e+07,3.899e+06,3.187e+08,2.364e+07,8.128e+06,3.191e+08,2.187e+07,1.211e+07,3.197e+08,1.944e+07,1.572e+07,3.204e+08
1810,6.371e+06,0,3e+08,2.469e+07,3.92e+06,3.187e+08,2.363e+07,8.148e+06,3.191e+08,2.186e+07,1.213e+07,3.197e+08,1.942e+07,1.574e+07,3.204e+08
1820,6.371e+06,0,3e+08,2.469e+07,3.942e+06,3.187e+08,2.363e+07,8.169e+06,3.191e+08,2.185e+07,1.215e+07,3.197e+08,1.941e+07,1.576e+07,3.205e+08
1830,6.371e+06,0,3e+08,2.468e+07,3.963e+06,3.187e+08,2.362e+07,8.189e+06,3.191e+08,2.184e+07,1.217e+07,3.197e+08,1.94e+07,1.577e+07,3.205e+08
1840,6.371e+06,0,3e+08,2.468e+07,3.985e+06,3.187e+08,2.361e+07,8.21e+06,3.191e+08,2.183e+07,1.219e+07,3.197e+08,1.938e+07,1.579e+07,3.205e+08
1850,6.371e+06,0,3e+08,2.468e+07,4.006e+06,3.187e+08,2.361e+07,8.231e+06,3.191e+08,2.182e+07,1.22e+07,3.197e+08,1.937e+07,1.581e+07,3.205e+08
1860,6.371e+06,0,3e+08,2.467e+07,4.028e+06,3.187e+08,2.36e+07,8.251e+06,3.191e+08,2.181e+07,1.222e+07,3.197e+08,1.935e+07,1.582e+07,3.205e+08
1870,6.371e+06,0,3e+08,2.467e+07,4.049e+06,3.187e+08,2.359e+07,8.272e+06,3.191e+08,2.18e+07,1.224e+07,3.197e+08,1.934e+07,1.584e+07,3.205e+08
1880,6.371e+06,0,3e+08,2.467e+07,4.071e+06,3.187e+08,2.358e+07,8.292e+06,3.191e+08,2.179e+07,1.226e+07,3.197e+08,1.933e+07,1.586e+07,3.205e+08
1890,6.371e+06,0,3e+08,2.466e+07,4.092e+06,3.187e+08,2.358e+07,8.313e+06,3.191e+08,2.178e+07,1.228e+07,3.197e+08,1.931e+07,1.588e+07,3.205e+08
1900,6.371e+06,0,3e+08,2.466e+07,4.114e+06,3.187e+08,2.357e+07,8.333e+06,3.191e+08,2.177e+07,1.23e+07,3.197e+08,1.93e+07,1.589e+07,3.205e+08
1910,6.371e+06,0,3e+08,2.466e+07,4.135e+06,3.187e+08,2.356e+07,8.354e+06,3.191e+08,2.175e+07,1.232e+07,3.197e+08,1.928e+07,1.591e+07,3.205e+08
1920,6.371e+06,0,3e+08,2.465e+07,4.156e+06,3.187e+08,2.356e+07,8.374e+06,3.191e+08,2.174e+07,1.234e+07,3.197e+08,1.927e+07,1.593e+07,3.205e+08
1930,6.371e+06,0,3e+08,2.465e+07,4.178e+06,3.187e+08,2.355e+07,8.395e+06,3.191e+08,2.173e+07,1.236e+07,3.197e+08,1.926e+07,1.594e+07,3.205e+08
1940,6.371e+06,0,3e+08,2.464e+07,4.199e+06,3.188e+08,2.354e+07,8.415e+06,3.191e+08,2.172e+07,1.238e+07,3.197e+08,1.924e+07,1.596e+07,3.205e+08
1950,6.371e+06,0,3e+08,2.464e+07,4.221e+06,3.188e+08,2.353e+07,8.436e+06,3.191e+08,2.171e+07,1.239e+07,3.197e+08,1.923e+07,1.598e+07,3.205e+08
1960,6.371e+06,0,3e+08,2.464e+07,4.242e+06,3.188e+08,2.353e+07,8.456e+06,3.191e+08,2.17e+07,1.241e+07,3.197e+08,1.922e+07,1.599e+07,3.205e+08
1970,6.371e+06,0,3e+08,2.463e+07,4.264e+06,3.188e+08,2.352e+07,8.477e+06,3.191e+08,2.169e+07,1.243e+07,3.197e+08,1.92e+07,1.601e+07,3.205e+08
1980,6.371e+06,0,3e+08,2.463e+07,4.285e+06,3.188e+08,2.351e+07,8.497e+06,3.191e+08,2.168e+07,1.245e+07,3.197e+08,1.919e+07,1.603e+07,3.205e+08
1990,6.371e+06,0,3e+08,2.463e+07,4.307e+06,3.188e+08,2.35e+07,8.517e+06,3.191e+08,2.167e+07,1.247e+07,3.197e+08,1.917e+07,1.604e+07,3.205e+08
2000,6.371e+06,0,3e+08,2.462e+07,4.328e+06,3.188e+08,2.35e+07,8.538e+06,3.191e+08,2.166e+07,1.249e+07,3.197e+08,1.916e+07,1.606e+07,3.205e+08
2010,6.371e+06,0,3e+08,2.462e+07,4.349e+06,3.188e+08,2.349e+07,8.558e+06,3.191e+08,2.165e+07,1.251e+07,3.197e+08,1.915e+07,1.608e+07,3.205e+08
2020,6.371e+06,0,3e+08,2.461e+07,4.371e+06,3.188e+08,2.348e+07,8.579e+06,3.191e+08,2.164e+07,1.253e+07,3.197e+08,1.913e+07,1.609e+07,3.205e+08
2030,6.371e+06,0,3e+08,2.461e+07,4.392e+06,3.188e+08,2.347e+07,8.599e+06,3.191e+08,2.162e+07,1.254e+07,3.197e+08,1.912e+07,1.611e+07,3.205e+08
2040,6.371e+06,0,3e+08,2.461e+07,4.414e+06,3.188e+08,2.347e+07,8.62e+06,3.191e+08,2.161e+07,1.256e+07,3.198e+08,1.91e+07,1.613e+07,3.205e+08
2050,6.371e+06,0,3e+08,2.46e+07,4.435e+06,3.188e+08,2.346e+07,8.64e+06,3.191e+08,2.16e+07,1.258e+07,3.198e+08,1.909e+07,1.614e+07,3.206e+08
2060,6.371e+06,0,3e+08,2.46e+07,4.456e+06,3.188e+08,2.345e+07,8.66e+06,3.192e+08,2.159e+07,1.26e+07,3.198e+08,1.908e+07,1.616e+07,3.206e+08
2070,6.371e+06,0,3e+08,2.46e+07,4.478e+06,3.188e+08,2.344e+07,8.681e+06,3.192e+08,2.158e+07,1.262e+07,3.198e+08,1.906e+07,1.618e+07,3.206e+08
2080,6.371e+06,0,3e+08,2.459e+07,4.499e+06,3.188e+08,2.344e+07,8.701e+06,3.192e+08,2.157e+07,1.264e+07,3.198e+08,1.905e+07,1.619e+07,3.206e+08
2090,6.371e+06,0,3e+08,2.459e+07,4.521e+06,3.188e+08,2.343e+07,8.722e+06,3.192e+08,2.156e+07,1.266e+07,3.198e+08,1.903e+07,1.621e+07,3.206e+08
2100,6.371e+06,0,3e+08,2.458e+07,4.542e+06,3.188e+08,2.342e+07,8.742e+06,3.192e+08,2.155e+07,1.268e+07,3.198e+08,1.902e+07,1.623e+07,3.206e+08
2110,6.371e+06,0,3e+08,2.458e+07,4.563e+06,3.188e+08,2.341e+07,8.762e+06,3.192e+08,2.154e+07,1.27e+07,3.198e+08,1.901e+07,1.624e+07,3.206e+08
2120,6.371e+06,0,3e+08,2.458e+07,4.585e+06,3.188e+08,2.341e+07,8.783e+06,3.192e+08,2.153e+07,1.271e+07,3.198e+08,1.899e+07,1.626e+07,3.206e+08
2130,6.371e+06,0,3e+08,2.457e+07,4.606e+06,3.188e+08,2.34e+07,8.803e+06,3.192e+08,2.151e+07,1.273e+07,3.198e+08,1.898e+07,1.628e+07,3.206e+08
2140,6.371e+06,0,3e+08,2.457e+07,4.628e+06,3.188e+08,2.339e+07,8.823e+06,3.192e+08,2.15e+07,1.275e+07,3.198e+08,1.896e+07,1.629e+07,3.206e+08
2150,6.371e+06,0,3e+08,2.456e+07,4.649e+06,3.188e+08,2.338e+07,8.844e+06,3.192e+08,2.149e+07,1.277e+07,3.198e+08,1.895e+07,1.631e+07,3.206e+08
2160,6.371e+06,0,3e+08,2.456e+07,4.67e+06,3.188e+08,2.338e+07,8.864e+06,3.192e+08,2.148e+07,1.279e+07,3.198e+08,1.893e+07,1.632e+07,3.206e+08
2170,6.371e+06,0,3e+08,2.456e+07,4.692e+06,3.188e+08,2.337e+07,8.884e+06,3.192e+08,2.147e+07,1.281e+07,3.198e+08,1.892e+07,1.634e+07,3.206e+08
2180,6.371e+06,0,3e+08,2.455e+07,4.713e+06,3.188e+08,2.336e+07,8.905e+06,3.192e+08,2.146e+07,1.283e+07,3.198e+08,1.891e+07,1.636e+07,3.206e+08
2190,6.371e+06,0,3e+08,2.455e+07,4.734e+06,3.188e+08,2.335e+07,8.925e+06,3.192e+08,2.145e+07,1.284e+07,3.198e+08,1.889e+07,1.637e+07,3.206e+08
2200,6.371e+06,0,3e+08,2.454e+07,4.756e+06,3.188e+08,2.334e+07,8.945e+06,3.192e+08,2.144e+07,1.286e+07,3.198e+08,1.888e+07,1.639e+07,3.206e+08
2210,6.371e+06,0,3e+08,2.454e+07,4.777e+06,3.188e+08,2.334e+07,8.966e+06,3.192e+08,2.143e+07,1.288e+07,3.198e+08,1.886e+07,1.641e+07,3.206e+08
2220,6.371e+06,0,3e+08,2.454e+07,4.798e+06,3.188e+08,2.333e+07,8.986e+06,3.192e+08,2.141e+07,1.29e+07,3.198e+08,1.885e+07,1.642e+07,3.206e+08
2230,6.371e+06,0,3e+08,2.453e+07,4.82e+06,3.188e+08,2.332e+07,9.006e+06,3.192e+08,2.14e+07,1.292e+07,3.198e+08,1.883e+07,1.644e+07,3.206e+08
2240,6.371e+06,0,3e+08,2.453e+07,4.841e+06,3.188e+08,2.331e+07,9.027e+06,3.192e+08,2.139e+07,1.294e+07,3.198e+08,1.882e+07,1.646e+07,3.206e+08
2250,6.371e+06,0,3e+08,2.452e+07,4.862e+06,3.188e+08,2.331e+07,9.047e+06,3.192e+08,2.138e+07,1.296e+07,3.198e+08,1.881e+07,1.647e+07,3.206e+08
2260,6.371e+06,0,3e+08,2.452e+07,4.884e+06,3.188e+08,2.33e+07,9.067e+06,3.192e+08,2.137e+07,1.298e+07,3.198e+08,1.879e+07,1.649e+07,3.206e+08
2270,6.371e+06,0,3e+08,2.451e+07,4.905e+06,3.188e+08,2.329e+07,9.087e+06,3.192e+08,2.136e+07,1.299e+07,3.198e+08,1.878e+07,1.65e+07,3.206e+08
2280,6.371e+06,0,3e+08,2.451e+07,4.926e+06,3.188e+08,2.328e+07,9.108e+06,3.192e+08,2.135e+07,1.301e+07,3.198e+08,1.876e+07,1.652e+07,3.207e+08
2290,6.371e+06,0,3e+08,2.451e+07,4.948e+06,3.188e+08,2.327e+07,9.128e+06,3.192e+08,2.134e+07,1.303e+07,3.198e+08,1.875e+07,1.654e+07,3.207e+08
2300,6.371e+06,0,3e+08,2.45e+07,4.969e+06,3.188e+08,2.327e+07,9.148e+06,3.192e+08,2.132e+07,1.305e+07,3.198e+08,1.873e+07,1.655e+07,3.207e+08
2310,6.371e+06,0,3e+08,2.45e+07,4.99e+06,3.188e+08,2.326e+07,9.168e+06,3.192e+08,2.131e+07,1.307e+07,3.199e+08,1.872e+07,1.657e+07,3.207e+08
2320,6.371e+06,0,3e+08,2.449e+07,5.012e+06,3.188e+08,2.325e+07,9.189e+06,3.192e+08,2.13e+07,1.309e+07,3.199e+08,1.871e+07,1.659e+07,3.207e+08
2330,6.371e+06,0,3e+08,2.449e+07,5.033e+06,3.188e+08,2.324e+07,9.209e+06,3.192e+08,2.129e+07,1.31e+07,3.199e+08,1.869e+07,1.66e+07,3.207e+08
2340,6.371e+06,0,3e+08,2.448e+07,5.054e+06,3.188e+08,2.323e+07,9.229e+06,3.192e+08,2.128e+07,1.312e+07,3.199e+08,1.868e+07,1.662e+07,3.207e+08
2350,6.371e+06,0,3e+08,2.448e+07,5.076e+06,3.188e+08,2.323e+07,9.249e+06,3.192e+08,2.127e+07,1.314e+07,3.199e+08,1.866e+07,1.664e+07,3.207e+08
2360,6.371e+06,0,3e+08,2.447e+07,5.097e+06,3.188e+08,2.322e+07,9.269e+06,3.192e+08,2.126e+07,1.316e+07,3.199e+08,1.865e+07,1.665e+07,3.207e+08
2370,6.371e+06,0,3e+08,2.447e+07,5.118e+06,3.188e+08,2.321e+07,9.29e+06,3.192e+08,2.124e+07,1.318e+07,3.199e+08,1.863e+07,1.667e+07,3.207e+08
2380,6.371e+06,0,3e+08,2.447e+07,5.139e+06,3.188e+08,2.32e+07,9.31e+06,3.192e+08,2.123e+07,1.32e+07,3.199e+08,1.862e+07,1.668e+07,3.207e+08
2390,6.371e+06,0,3e+08,2.446e+07,5.161e+06,3.188e+08,2.319e+07,9.33e+06,3.192e+08,2.122e+07,1.322e+07,3.199e+08,1.86e+07,1.67e+07,3.207e+08
2400,6.371e+06,0,3e+08,2.446e+07,5.182e+06,3.188e+08,2.319e+07,9.35e+06,3.192e+08,2.121e+07,1.323e+07,3.199e+08,1.859e+07,1.672e+07,3.207e+08
2410,6.371e+06,0,3e+08,2.445e+07,5.203e+06,3.188e+08,2.318e+07,9.37e+06,3.192e+08,2.12e+07,1.325e+07,3.199e+08,1.857e+07,1.673e+07,3.207e+08
2420,6.371e+06,0,3e+08,2.445e+07,5.225e+06,3.188e+08,2.317e+07,9.391e+06,3.192e+08,2.119e+07,1.327e+07,3.199e+08,1.856e+07,1.675e+07,3.207e+08
2430,6.371e+06,0,3e+08,2.444e+07,5.246e+06,3.188e+08,2.316e+07,9.411e+06,3.192e+08,2.118e+07,1.329e+07,3.199e+08,1.855e+07,1.676e+07,3.207e+08
2440,6.371e+06,0,3e+08,2.444e+07,5.267e+06,3.188e+08,2.315e+07,9.431e+06,3.193e+08,2.116e+07,1.331e+07,3.199e+08,1.853e+07,1.678e+07,3.207e+08
2450,6.371e+06,0,3e+08,2.443e+07,5.288e+06,3.188e+08,2.314e+07,9.451e+06,3.193e+08,2.115e+07,1.333e+07,3.199e+08,1.852e+07,1.68e+07,3.207e+08
2460,6.371e+06,0,3e+08,2.443e+07,5.31e+06,3.188e+08,2.314e+07,9.471e+06,3.193e+08,2.114e+07,1.334e+07,3.199e+08,1.85e+07,1.681e+07,3.207e+08
2470,6.371e+06,0,3e+08,2.443e+07,5.331e+06,3.188e+08,2.313e+07,9.491e+06,3.193e+08,2.113e+07,1.336e+07,3.199e+08,1.849e+07,1.683e+07,3.207e+08
2480,6.371e+06,0,3e+08,2.442e+07,5.352e+06,3.188e+08,2.312e+07,9.511e+06,3.193e+08,2.112e+07,1.338e+07,3.199e+08,1.847e+07,1.685e+07,3.207e+08
2490,6.371e+06,0,3e+08,2.442e+07,5.373e+06,3.188e+08,2.311e+07,9.531e+06,3.193e+08,2.111e+07,1.34e+07,3.199e+08,1.846e+07,1.686e+07,3.207e+08
2500,6.371e+06,0,3e+08,2.441e+07,5.395e+06,3.188e+08,2.31e+07,9.552e+06,3.193e+08,2.109e+07,1.342e+07,3.199e+08,1.844e+07,1.688e+07,3.208e+08
2510,6.371e+06,0,3e+08,2.441e+07,5.416e+06,3.188e+08,2.31e+07,9.572e+06,3.193e+08,2.108e+07,1.344e+07,3.199e+08,1.843e+07,1.689e+07,3.208e+08
2520,6.371e+06,0,3e+08,2.44e+07,5.437e+06,3.188e+08,2.309e+07,9.592e+06,3.193e+08,2.107e+07,1.346e+07,3.199e+08,1.841e+07,1.691e+07,3.208e+08
2530,6.371e+06,0,3e+08,2.44e+07,5.458e+06,3.188e+08,2.308e+07,9.612e+06,3.193e+08,2.106e+07,1.347e+07,3.199e+08,1.84e+07,1.693e+07,3.208e+08
2540,6.371e+06,0,3e+08,2.439e+07,5.48e+06,3.188e+08,2.307e+07,9.632e+06,3.193e+08,2.105e+07,1.349e+07,3.199e+08,1.838e+07,1.694e+07,3.208e+08
2550,6.371e+06,0,3e+08,2.439e+07,5.501e+06,3.188e+08,2.306e+07,9.652e+06,3.193e+08,2.104e+07,1.351e+07,3.199e+08,1.837e+07,1.696e+07,3.208e+08
2560,6.371e+06,0,3e+08,2.438e+07,5.522e+06,3.188e+08,2.305e+07,9.672e+06,3.193e+08,2.102e+07,1.353e+07,3.199e+08,1.835e+07,1.697e+07,3.208e+08
2570,6.371e+06,0,3e+08,2.438e+07,5.543e+06,3.188e+08,2.304e+07,9.692e+06,3.193e+08,2.101e+07,1.355e+07,3.199e+08,1.834e+07,1.699e+07,3.208e+08
2580,6.371e+06,0,3e+08,2.437e+07,5.564e+06,3.188e+08,2.304e+07,9.712e+06,3.193e+08,2.1e+07,1.356e+07,3.2e+08,1.833e+07,1.701e+07,3.208e+08
2590,6.371e+06,0,3e+08,2.437e+07,5.586e+06,3.188e+08,2.303e+07,9.732e+06,3.193e+08,2.099e+07,1.358e+07,3.2e+08,1.831e+07,1.702e+07,3.208e+08
2600,6.371e+06,0,3e+08,2.436e+07,5.607e+06,3.188e+08,2.302e+07,9.752e+06,3.193e+08,2.098e+07,1.36e+07,3.2e+08,1.83e+07,1.704e+07,3.208e+08
2610,6.371e+06,0,3e+08,2.436e+07,5.628e+06,3.188e+08,2.301e+07,9.772e+06,3.193e+08,2.096e+07,1.362e+07,3.2e+08,1.828e+07,1.705e+07,3.208e+08
2620,6.371e+06,0,3e+08,2.435e+07,5.649e+06,3.188e+08,2.3e+07,9.792e+06,3.193e+08,2.095e+07,1.364e+07,3.2e+08,1.827e+07,1.707e+07,3.208e+08
2630,6.371e+06,0,3e+08,2.435e+07,5.67e+06,3.189e+08,2.299e+07,9.812e+06,3.193e+08,2.094e+07,1.366e+07,3.2e+08,1.825e+07,1.708e+07,3.208e+08
2640,6.371e+06,0,3e+08,2.434e+07,5.692e+06,3.189e+08,2.299e+07,9.832e+06,3.193e+08,2.093e+07,1.367e+07,3.2e+08,1.824e+07,1.71e+07,3.208e+08
2650,6.371e+06,0,3e+08,2.434e+07,5.713e+06,3.189e+08,2.298e+07,9.852e+06,3.193e+08,2.092e+07,1.369e+07,3.2e+08,1.822e+07,1.712e+07,3.208e+08
2660,6.371e+06,0,3e+08,2.433e+07,5.734e+06,3.189e+08,2.297e+07,9.872e+06,3.193e+08,2.09e+07,1.371e+07,3.2e+08,1.821e+07,1.713e+07,3.208e+08
2670,6.371e+06,0,3e+08,2.433e+07,5.755e+06,3.189e+08,2.296e+07,9.892e+06,3.193e+08,2.089e+07,1.373e+07,3.2e+08,1.819e+07,1.715e+07,3.208e+08
2680,6.371e+06,0,3e+08,2.432e+07,5.776e+06,3.189e+08,2.295e+07,9.912e+06,3.193e+08,2.088e+07,1.375e+07,3.2e+08,1.818e+07,1.716e+07,3.208e+08
2690,6.371e+06,0,3e+08,2.432e+07,5.797e+06,3.189e+08,2.294e+07,9.932e+06,3.193e+08,2.087e+07,1.377e+07,3.2e+08,1.816e+07,1.718e+07,3.208e+08
2700,6.371e+06,0,3e+08,2.431e+07,5.818e+06,3.189e+08,2.293e+07,9.952e+06,3.193e+08,2.086e+07,1.378e+07,3.2e+08,1.815e+07,1.72e+07,3.208e+08
2710,6.371e+06,0,3e+08,2.431e+07,5.84e+06,3.189e+08,2.293e+07,9.972e+06,3.193e+08,2.085e+07,1.38e+07,3.2e+08,1.813e+07,1.721e+07,3.208e+08
2720,6.371e+06,0,3e+08,2.43e+07,5.861e+06,3.189e+08,2.292e+07,9.992e+06,3.193e+08,2.083e+07,1.382e+07,3.2e+08,1.812e+07,1.723e+07,3.209e+08
2730,6.371e+06,0,3e+08,2.43e+07,5.882e+06,3.189e+08,2.291e+07,1.001e+07,3.193e+08,2.082e+07,1.384e+07,3.2e+08,1.81e+07,1.724e+07,3.209e+08
2740,6.371e+06,0,3e+08,2.429e+07,5.903e+06,3.189e+08,2.29e+07,1.003e+07,3.193e+08,2.081e+07,1.386e+07,3.2e+08,1.809e+07,1.726e+07,3.209e+08
2750,6.371e+06,0,3e+08,2.429e+07,5.924e+06,3.189e+08,2.289e+07,1.005e+07,3.193e+08,2.08e+07,1.387e+07,3.2e+08,1.807e+07,1.727e+07,3.209e+08
2760,6.371e+06,0,3e+08,2.428e+07,5.945e+06,3.189e+08,2.288e+07,1.007e+07,3.193e+08,2.078e+07,1.389e+07,3.2e+08,1.806e+07,1.729e+07,3.209e+08
2770,6.371e+06,0,3e+08,2.428e+07,5.966e+06,3.189e+08,2.287e+07,1.009e+07,3.193e+08,2.077e+07,1.391e+07,3.2e+08,1.804e+07,1.731e+07,3.209e+08
2780,6.371e+06,0,3e+08,2.427e+07,5.988e+06,3.189e+08,2.286e+07,1.011e+07,3.193e+08,2.076e+07,1.393e+07,3.2e+08,1.803e+07,1.732e+07,3.209e+08
2790,6.371e+06,0,3e+08,2.427e+07,6.009e+06,3.189e+08,2.286e+07,1.013e+07,3.193e+08,2.075e+07,1.395e+07,3.2e+08,1.801e+07,1.734e+07,3.209e+08
2800,6.371e+06,0,3e+08,2.426e+07,6.03e+06,3.189e+08,2.285e+07,1.015e+07,3.194e+08,2.074e+07,1.396e+07,3.2e+08,1.8e+07,1.735e+07,3.209e+08
2810,6.371e+06,0,3e+08,2.426e+07,6.051e+06,3.189e+08,2.284e+07,1.017e+07,3.194e+08,2.072e+07,1.398e+07,3.2e+08,1.798e+07,1.737e+07,3.209e+08
2820,6.371e+06,0,3e+08,2.425e+07,6.072e+06,3.189e+08,2.283e+07,1.019e+07,3.194e+08,2.071e+07,1.4e+07,3.2e+08,1.797e+07,1.738e+07,3.209e+08
2830,6.371e+06,0,3e+08,2.425e+07,6.093e+06,3.189e+08,2.282e+07,1.021e+07,3.194e+08,2.07e+07,1.402e+07,3.2e+08,1.795e+07,1.74e+07,3.209e+08
2840,6.371e+06,0,3e+08,2.424e+07,6.114e+06,3.189e+08,2.281e+07,1.023e+07,3.194e+08,2.069e+07,1.404e+07,3.2e+08,1.794e+07,1.742e+07,3.209e+08
2850,6.371e+06,0,3e+08,2.424e+07,6.135e+06,3.189e+08,2.28e+07,1.025e+07,3.194e+08,2.068e+07,1.405e+07,3.201e+08,1.792e+07,1.743e+07,3.209e+08
2860,6.371e+06,0,3e+08,2.423e+07,6.156e+06,3.189e+08,2.279e+07,1.027e+07,3.194e+08,2.066e+07,1.407e+07,3.201e+08,1.791e+07,1.745e+07,3.209e+08
2870,6.371e+06,0,3e+08,2.422e+07,6.177e+06,3.189e+08,2.278e+07,1.029e+07,3.194e+08,2.065e+07,1.409e+07,3.201e+08,1.789e+07,1.746e+07,3.209e+08
2880,6.371e+06,0,3e+08,2.422e+07,6.199e+06,3.189e+08,2.278e+07,1.031e+07,3.194e+08,2.064e+07,1.411e+07,3.201e+08,1.788e+07,1.748e+07,3.209e+08
2890,6.371e+06,0,3e+08,2.421e+07,6.22e+06,3.189e+08,2.277e+07,1.033e+07,3.194e+08,2.063e+07,1.413e+07,3.201e+08,1.786e+07,1.749e+07,3.209e+08
2900,6.371e+06,0,3e+08,2.421e+07,6.241e+06,3.189e+08,2.276e+07,1.035e+07,3.194e+08,2.061e+07,1.414e+07,3.201e+08,1.784e+07,1.751e+07,3.209e+08
2910,6.371e+06,0,3e+08,2.42e+07,6.262e+06,3.189e+08,2.275e+07,1.037e+07,3.194e+08,2.06e+07,1.416e+07,3.201e+08,1.783e+07,1.752e+07,3.209e+08
2920,6.371e+06,0,3e+08,2.42e+07,6.283e+06,3.189e+08,2.274e+07,1.039e+07,3.194e+08,2.059e+07,1.418e+07,3.201e+08,1.781e+07,1.754e+07,3.209e+08
2930,6.371e+06,0,3e+08,2.419e+07,6.304e+06,3.189e+08,2.273e+07,1.041e+07,3.194e+08,2.058e+07,1.42e+07,3.201e+08,1.78e+07,1.756e+07,3.209e+08
2940,6.371e+06,0,3e+08,2.419e+07,6.325e+06,3.189e+08,2.272e+07,1.043e+07,3.194e+08,2.056e+07,1.422e+07,3.201e+08,1.778e+07,1.757e+07,3.21e+08
2950,6.371e+06,0,3e+08,2.418e+07,6.346e+06,3.189e+08,2.271e+07,1.045e+07,3.194e+08,2.055e+07,1.423e+07,3.201e+08,1.777e+07,1.759e+07,3.21e+08
2960,6.371e+06,0,3e+08,2.418e+07,6.367e+06,3.189e+08,2.27e+07,1.047e+07,3.194e+08,2.054e+07,1.425e+07,3.201e+08,1.775e+07,1.76e+07,3.21e+08
2970,6.371e+06,0,3e+08,2.417e+07,6.388e+06,3.189e+08,2.269e+07,1.049e+07,3.194e+08,2.053e+07,1.427e+07,3.201e+08,1.774e+07,1.762e+07,3.21e+08
2980,6.371e+06,0,3e+08,2.416e+07,6.409e+06,3.189e+08,2.268e+07,1.051e+07,3.194e+08,2.052e+07,1.429e+07,3.201e+08,1.772e+07,1.763e+07,3.21e+08
2990,6.371e+06,0,3e+08,2.416e+07,6.43e+06,3.189e+08,2.268e+07,1.053e+07,3.194e+08,2.05e+07,1.431e+07,3.201e+08,1.771e+07,1.765e+07,3.21e+08
3000,6.371e+06,0,3e+08,2.415e+07,6.451e+06,3.189e+08,2.267e+07,1.055e+07,3.194e+08,2.049e+07,1.432e+07,3.201e+08,1.769e+07,1.766e+07,3.21e+08
3010,6.371e+06,0,3e+08,2.415e+07,6.472e+06,3.189e+08,2.266e+07,1.057e+07,3.194e+08,2.048e+07,1.434e+07,3.201e+08,1.768e+07,1.768e+07,3.21e+08
3020,6.371e+06,0,3e+08,2.414e+07,6.493e+06,3.189e+08,2.265e+07,1.059e+07,3.194e+08,2.047e+07,1.436e+07,3.201e+08,1.766e+07,1.769e+07,3.21e+08
3030,6.371e+06,0,3e+08,2.414e+07,6.514e+06,3.189e+08,2.264e+07,1.061e+07,3.194e+08,2.045e+07,1.438e+07,3.201e+08,1.765e+07,1.771e+07,3.21e+08
3040,6.371e+06,0,3e+08,2.413e+07,6.535e+06,3.189e+08,2.263e+07,1.063e+07,3.194e+08,2.044e+07,1.439e+07,3.201e+08,1.763e+07,1.772e+07,3.21e+08
3050,6.371e+06,0,3e+08,2.413e+07,6.556e+06,3.189e+08,2.262e+07,1.065e+07,3.194e+08,2.043e+07,1.441e+07,3.201e+08,1.761e+07,1.774e+07,3.21e+08
3060,6.371e+06,0,3e+08,2.412e+07,6.577e+06,3.189e+08,2.261e+07,1.067e+07,3.194e+08,2.042e+07,1.443e+07,3.201e+08,1.76e+07,1.776e+07,3.21e+08
3070,6.371e+06,0,3e+08,2.411e+07,6.598e+06,3.189e+08,2.26e+07,1.069e+07,3.194e+08,2.04e+07,1.445e+07,3.201e+08,1.758e+07,1.777e+07,3.21e+08
3080,6.371e+06,0,3e+08,2.411e+07,6.619e+06,3.189e+08,2.259e+07,1.07e+07,3.194e+08,2.039e+07,1.447e+07,3.201e+08,1.757e+07,1.779e+07,3.21e+08
3090,6.371e+06,0,3e+08,2.41e+07,6.64e+06,3.189e+08,2.258e+07,1.072e+07,3.194e+08,2.038e+07,1.448e+07,3.201e+08,1.755e+07,1.78e+07,3.21e+08
3100,6.371e+06,0,3e+08,2.41e+07,6.661e+06,3.189e+08,2.257e+07,1.074e+07,3.194e+08,2.036e+07,1.45e+07,3.202e+08,1.754e+07,1.782e+07,3.21e+08
3110,6.371e+06,0,3e+08,2.409e+07,6.682e+06,3.189e+08,2.256e+07,1.076e+07,3.194e+08,2.035e+07,1.452e+07,3.202e+08,1.752e+07,1.783e+07,3.21e+08
3120,6.371e+06,0,3e+08,2.408e+07,6.703e+06,3.189e+08,2.255e+07,1.078e+07,3.194e+08,2.034e+07,1.454e+07,3.202e+08,1.751e+07,1.785e+07,3.21e+08
3130,6.371e+06,0,3e+08,2.408e+07,6.724e+06,3.189e+08,2.255e+07,1.08e+07,3.195e+08,2.033e+07,1.455e+07,3.202e+08,1.749e+07,1.786e+07,3.21e+08
3140,6.371e+06,0,3e+08,2.407e+07,6.745e+06,3.189e+08,2.254e+07,1.082e+07,3.195e+08,2.031e+07,1.457e+07,3.202e+08,1.748e+07,1.788e+07,3.21e+08
3150,6.371e+06,0,3e+08,2.407e+07,6.766e+06,3.189e+08,2.253e+07,1.084e+07,3.195e+08,2.03e+07,1.459e+07,3.202e+08,1.746e+07,1.789e+07,3.211e+08
3160,6.371e+06,0,3e+08,2.406e+07,6.787e+06,3.189e+08,2.252e+07,1.086e+07,3.195e+08,2.029e+07,1.461e+07,3.202e+08,1.744e+07,1.791e+07,3.211e+08
3170,6.371e+06,0,3e+08,2.406e+07,6.808e+06,3.189e+08,2.251e+07,1.088e+07,3.195e+08,2.028e+07,1.462e+07,3.202e+08,1.743e+07,1.792e+07,3.211e+08
3180,6.371e+06,0,3e+08,2.405e+07,6.828e+06,3.19e+08,2.25e+07,1.09e+07,3.195e+08,2.026e+07,1.464e+07,3.202e+08,1.741e+07,1.794e+07,3.211e+08
3190,6.371e+06,0,3e+08,2.404e+07,6.849e+06,3.19e+08,2.249e+07,1.092e+07,3.195e+08,2.025e+07,1.466e+07,3.202e+08,1.74e+07,1.795e+07,3.211e+08
3200,6.371e+06,0,3e+08,2.404e+07,6.87e+06,3.19e+08,2.248e+07,1.094e+07,3.195e+08,2.024e+07,1.468e+07,3.202e+08,1.738e+07,1.797e+07,3.211e+08
3210,6.371e+06,0,3e+08,2.403e+07,6.891e+06,3.19e+08,2.247e+07,1.096e+07,3.195e+08,2.023e+07,1.469e+07,3.202e+08,1.737e+07,1.798e+07,3.211e+08
3220,6.371e+06,0,3e+08,2.403e+07,6.912e+06,3.19e+08,2.246e+07,1.098e+07,3.195e+08,2.021e+07,1.471e+07,3.202e+08,1.735e+07,1.8e+07,3.211e+08
3230,6.371e+06,0,3e+08,2.402e+07,6.933e+06,3.19e+08,2.245e+07,1.1e+07,3.195e+08,2.02e+07,1.473e+07,3.202e+08,1.733e+07,1.801e+07,3.211e+08
3240,6.371e+06,0,3e+08,2.401e+07,6.954e+06,3.19e+08,2.244e+07,1.102e+07,3.195e+08,2.019e+07,1.475e+07,3.202e+08,1.732e+07,1.803e+07,3.211e+08
3250,6.371e+06,0,3e+08,2.401e+07,6.975e+06,3.19e+08,2.243e+07,1.104e+07,3.195e+08,2.017e+07,1.477e+07,3.202e+08,1.73e+07,1.804e+07,3.211e+08
3260,6.371e+06,0,3e+08,2.4e+07,6.996e+06,3.19e+08,2.242e+07,1.106e+07,3.195e+08,2.016e+07,1.478e+07,3.202e+08,1.729e+07,1.806e+07,3.211e+08
3270,6.371e+06,0,3e+08,2.4e+07,7.017e+06,3.19e+08,2.241e+07,1.108e+07,3.195e+08,2.015e+07,1.48e+07,3.202e+08,1.727e+07,1.807e+07,3.211e+08
3280,6.371e+06,0,3e+08,2.399e+07,7.037e+06,3.19e+08,2.24e+07,1.11e+07,3.195e+08,2.014e+07,1.482e+07,3.202e+08,1.726e+07,1.809e+07,3.211e+08
3290,6.371e+06,0,3e+08,2.398e+07,7.058e+06,3.19e+08,2.239e+07,1.112e+07,3.195e+08,2.012e+07,1.484e+07,3.202e+08,1.724e+07,1.81e+07,3.211e+08
3300,6.371e+06,0,3e+08,2.398e+07,7.079e+06,3.19e+08,2.238e+07,1.114e+07,3.195e+08,2.011e+07,1.485e+07,3.202e+08,1.722e+07,1.812e+07,3.211e+08
3310,6.371e+06,0,3e+08,2.397e+07,7.1e+06,3.19e+08,2.237e+07,1.115e+07,3.195e+08,2.01e+07,1.487e+07,3.202e+08,1.721e+07,1.813e+07,3.211e+08
3320,6.371e+06,0,3e+08,2.396e+07,7.121e+06,3.19e+08,2.236e+07,1.117e+07,3.195e+08,2.008e+07,1.489e+07,3.202e+08,1.719e+07,1.815e+07,3.211e+08
3330,6.371e+06,0,3e+08,2.396e+07,7.142e+06,3.19e+08,2.235e+07,1.119e+07,3.195e+08,2.007e+07,1.491e+07,3.202e+08,1.718e+07,1.816e+07,3.211e+08
3340,6.371e+06,0,3e+08,2.395e+07,7.163e+06,3.19e+08,2.234e+07,1.121e+07,3.195e+08,2.006e+07,1.492e+07,3.202e+08,1.716e+07,1.818e+07,3.211e+08
3350,6.371e+06,0,3e+08,2.395e+07,7.183e+06,3.19e+08,2.233e+07,1.123e+07,3.195e+08,2.004e+07,1.494e+07,3.203e+08,1.715e+07,1.819e+07,3.211e+08
3360,6.371e+06,0,3e+08,2.394e+07,7.204e+06,3.19e+08,2.232e+07,1.125e+07,3.195e+08,2.003e+07,1.496e+07,3.203e+08,1.713e+07,1.821e+07,3.211e+08
3370,6.371e+06,0,3e+08,2.393e+07,7.225e+06,3.19e+08,2.232e+07,1.127e+07,3.195e+08,2.002e+07,1.497e+07,3.203e+08,1.711e+07,1.822e+07,3.212e+08
3380,6.371e+06,0,3e+08,2.393e+07,7.246e+06,3.19e+08,2.231e+07,1.129e+07,3.195e+08,2.001e+07,1.499e+07,3.203e+08,1.71e+07,1.824e+07,3.212e+08
3390,6.371e+06,0,3e+08,2.392e+07,7.267e+06,3.19e+08,2.23e+07,1.131e+07,3.195e+08,1.999e+07,1.501e+07,3.203e+08,1.708e+07,1.825e+07,3.212e+08
3400,6.371e+06,0,3e+08,2.391e+07,7.287e+06,3.19e+08,2.229e+07,1.133e+07,3.195e+08,1.998e+07,1.503e+07,3.203e+08,1.707e+07,1.827e+07,3.212e+08
3410,6.371e+06,0,3e+08,2.391e+07,7.308e+06,3.19e+08,2.228e+07,1.135e+07,3.195e+08,1.997e+07,1.504e+07,3.203e+08,1.705e+07,1.828e+07,3.212e+08
3420,6.371e+06,0,3e+08,2.39e+07,7.329e+06,3.19e+08,2.227e+07,1.137e+07,3.195e+08,1.995e+07,1.506e+07,3.203e+08,1.703e+07,1.83e+07,3.212e+08
3430,6.371e+06,0,3e+08,2.39e+07,7.35e+06,3.19e+08,2.226e+07,1.139e+07,3.195e+08,1.994e+07,1.508e+07,3.203e+08,1.702e+07,1.831e+07,3.212e+08
3440,6.371e+06,0,3e+08,2.389e+07,7.371e+06,3.19e+08,2.225e+07,1.141e+07,3.195e+08,1.993e+07,1.51e+07,3.203e+08,1.7e+07,1.833e+07,3.212e+08
3450,6.371e+06,0,3e+08,2.388e+07,7.391e+06,3.19e+08,2.224e+07,1.143e+07,3.196e+08,1.991e+07,1.511e+07,3.203e+08,1.699e+07,1.834e+07,3.212e+08
3460,6.371e+06,0,3e+08,2.388e+07,7.412e+06,3.19e+08,2.223e+07,1.145e+07,3.196e+08,1.99e+07,1.513e+07,3.203e+08,1.697e+07,1.836e+07,3.212e+08
3470,6.371e+06,0,3e+08,2.387e+07,7.433e+06,3.19e+08,2.222e+07,1.146e+07,3.196e+08,1.989e+07,1.515e+07,3.203e+08,1.696e+07,1.837e+07,3.212e+08
3480,6.371e+06,0,3e+08,2.386e+07,7.454e+06,3.19e+08,2.221e+07,1.148e+07,3.196e+08,1.987e+07,1.517e+07,3.203e+08,1.694e+07,1.839e+07,3.212e+08
3490,6.371e+06,0,3e+08,2.386e+07,7.474e+06,3.19e+08,2.22e+07,1.15e+07,3.196e+08,1.986e+07,1.518e+07,3.203e+08,1.692e+07,1.84e+07,3.212e+08
3500,6.371e+06,0,3e+08,2.385e+07,7.495e+06,3.19e+08,2.219e+07,1.152e+07,3.196e+08,1.985e+07,1.52e+07,3.203e+08,1.691e+07,1.842e+07,3.212e+08
3510,6.371e+06,0,3e+08,2.384e+07,7.516e+06,3.19e+08,2.218e+07,1.154e+07,3.196e+08,1.983e+07,1.522e+07,3.203e+08,1.689e+07,1.843e+07,3.212e+08
3520,6.371e+06,0,3e+08,2.384e+07,7.537e+06,3.19e+08,2.217e+07,1.156e+07,3.196e+08,1.982e+07,1.523e+07,3.203e+08,1.688e+07,1.845e+07,3.212e+08
3530,6.371e+06,0,3e+08,2.383e+07,7.557e+06,3.19e+08,2.216e+07,1.158e+07,3.196e+08,1.981e+07,1.525e+07,3.203e+08,1.686e+07,1.846e+07,3.212e+08
3540,6.371e+06,0,3e+08,2.382e+07,7.578e+06,3.19e+08,2.215e+07,1.16e+07,3.196e+08,1.98e+07,1.527e+07,3.203e+08,1.684e+07,1.847e+07,3.212e+08
3550,6.371e+06,0,3e+08,2.382e+07,7.599e+06,3.19e+08,2.214e+07,1.162e+07,3.196e+08,1.978e+07,1.529e+07,3.203e+08,1.683e+07,1.849e+07,3.212e+08
3560,6.371e+06,0,3e+08,2.381e+07,7.62e+06,3.19e+08,2.213e+07,1.164e+07,3.196e+08,1.977e+07,1.53e+07,3.203e+08,1.681e+07,1.85e+07,3.212e+08
3570,6.371e+06,0,3e+08,2.38e+07,7.64e+06,3.19e+08,2.212e+07,1.166e+07,3.196e+08,1.976e+07,1.532e+07,3.203e+08,1.679e+07,1.852e+07,3.213e+08
3580,6.371e+06,0,3e+08,2.38e+07,7.661e+06,3.19e+08,2.211e+07,1.168e+07,3.196e+08,1.974e+07,1.534e+07,3.203e+08,1.678e+07,1.853e+07,3.213e+08
3590,6.371e+06,0,3e+08,2.379e+07,7.682e+06,3.19e+08,2.21e+07,1.17e+07,3.196e+08,1.973e+07,1.536e+07,3.204e+08,1.676e+07,1.855e+07,3.213e+08
3600,6.371e+06,0,3e+08,2.378e+07,7.702e+06,3.19e+08,2.209e+07,1.172e+07,3.196e+08,1.972e+07,1.537e+07,3.204e+08,1.675e+07,1.856e+07,3.213e+08
